org_id remap_id
6873 0
6872 1
6870 2
531 3
530 4
6869 5
2951 6
2950 7
6868 8
1821 9
6867 10
2952 11
2955 12
6865 13
6864 14
532 15
2954 16
1820 17
1825 18
539 19
2956 20
538 21
537 22
2959 23
2958 24
1824 25
536 26
1829 27
1827 28
1828 29
6882 30
6883 31
6884 32
6885 33
6880 34
3 35
540 36
2940 37
2 38
542 39
1 40
541 41
7 42
6876 43
2943 44
6 45
6875 46
5 47
546 48
2942 49
545 50
2941 51
4 52
1811 53
1812 54
548 55
2948 56
1813 57
2947 58
547 59
2946 60
9 61
1814 62
8 63
2945 64
549 65
1815 66
1817 67
1818 68
1819 69
6892 70
2980 71
6890 72
6895 73
6896 74
6893 75
1843 76
6889 77
2975 78
1844 79
2974 80
6888 81
512 82
6887 83
2977 84
511 85
6886 86
2976 87
2970 88
2972 89
519 90
1849 91
518 92
2979 93
517 94
2978 95
1848 96
516 97
1845 98
515 99
1846 100
6898 101
2966 102
522 103
1830 104
6897 105
2965 106
521 107
2964 108
524 109
1832 110
6899 111
2963 112
523 113
2962 114
2961 115
520 116
1838 117
1839 118
1834 119
525 120
2968 121
528 122
1837 123
527 124
571 125
570 126
2992 127
2993 128
575 129
2994 130
2995 131
573 132
578 133
2996 134
2997 135
576 136
2998 137
577 138
2999 139
2991 140
580 141
2990 142
581 143
583 144
2983 145
585 146
2981 147
2982 148
586 149
587 150
2987 151
2988 152
589 153
2985 154
2986 155
1808 156
1806 157
1805 158
1804 159
558 160
1802 161
559 162
557 163
554 164
555 165
552 166
553 167
551 168
560 169
569 170
566 171
567 172
568 173
561 174
562 175
1894 176
1892 177
1893 178
1898 179
1896 180
1897 181
6801 182
6800 183
6803 184
6802 185
6805 186
6804 187
6807 188
6806 189
6809 190
6808 191
6812 192
6811 193
6810 194
6816 195
6815 196
6814 197
6819 198
6818 199
6817 200
2914 201
1868 202
2915 203
1867 204
1869 205
2913 206
6828 207
2918 208
6829 209
2919 210
2916 211
2917 212
6824 213
1860 214
6825 215
1862 216
6827 217
6820 218
2910 219
1864 220
6821 221
1863 222
6822 223
1866 224
1865 225
6830 226
505 227
2901 228
1859 229
2902 230
1858 231
1857 232
2903 233
503 234
504 235
1856 236
2904 237
509 238
2907 239
507 240
6839 241
508 242
2908 243
1851 244
6837 245
1850 246
6838 247
6835 248
6836 249
501 250
6833 251
1855 252
6834 253
1854 254
502 255
1853 256
1852 257
2900 258
6832 259
500 260
6841 261
6840 262
2909 263
4709 264
2938 265
2939 266
4707 267
2937 268
1889 269
4708 270
2934 271
4705 272
4706 273
2935 274
6842 275
2932 276
4703 277
6843 278
1885 279
4704 280
4701 281
6844 282
1888 283
4702 284
1887 285
6846 286
1882 287
1881 288
6847 289
4700 290
1884 291
6848 292
1883 293
6849 294
1890 295
1891 296
6850 297
6852 298
2927 299
2928 300
2923 301
2924 302
4718 303
1879 304
2926 305
1878 306
6855 307
6856 308
4713 309
6853 310
2921 311
4714 312
1874 313
4715 314
2922 315
1872 316
1871 317
4710 318
6857 319
1870 320
6858 321
4711 322
1880 323
6863 324
6862 325
6861 326
4616 327
4615 328
4614 329
4613 330
4611 331
4610 332
4619 333
4618 334
4617 335
4602 336
4605 337
4604 338
4607 339
4606 340
4609 341
4608 342
4640 343
4641 344
4638 345
4637 346
4636 347
4635 348
4639 349
4630 350
4623 351
4622 352
4625 353
4627 354
4626 355
4629 356
4628 357
4663 358
4662 359
4661 360
4660 361
4659 362
4658 363
4655 364
4656 365
4653 366
4654 367
4650 368
4652 369
4651 370
4647 371
4648 372
4649 373
4642 374
4644 375
4645 376
4681 377
4680 378
4685 379
4677 380
4678 381
4675 382
4676 383
4679 384
4670 385
4672 386
4674 387
4673 388
4664 389
4665 390
4666 391
4668 392
4698 393
4699 394
4688 395
4687 396
4686 397
4695 398
4696 399
4693 400
4694 401
4691 402
595 403
597 404
596 405
599 406
598 407
592 408
593 409
6770 410
6771 411
6772 412
6773 413
1728 414
1729 415
2858 416
1726 417
1727 418
1724 419
1725 420
2859 421
2854 422
1722 423
6768 424
1723 425
6767 426
2853 427
1720 428
2856 429
1721 430
2850 431
2852 432
2851 433
6769 434
6780 435
6781 436
6782 437
6783 438
1717 439
409 440
408 441
1719 442
1713 443
2849 444
405 445
404 446
1714 447
2848 448
2847 449
1715 450
407 451
2846 452
406 453
401 454
6777 455
2845 456
400 457
2844 458
6776 459
1711 460
2843 461
6779 462
1712 463
402 464
6778 465
2842 466
2841 467
2840 468
6753 469
6750 470
2836 471
1704 472
418 473
417 474
1702 475
2838 476
2837 477
415 478
1708 479
1706 480
419 481
410 482
6749 483
2830 484
6748 485
6746 486
414 487
2832 488
1700 489
2831 490
1701 491
413 492
412 493
2834 494
2833 495
6743 496
411 497
6761 498
6762 499
6763 500
6764 501
2827 502
2826 503
426 504
429 505
428 506
2829 507
2828 508
420 509
2823 510
6755 511
2822 512
422 513
425 514
2821 515
6757 516
2820 517
424 518
2897 519
2898 520
436 521
2899 522
433 523
434 524
2893 525
431 526
432 527
2894 528
430 529
2896 530
437 531
438 532
2892 533
2891 534
2888 535
444 536
445 537
2889 538
2886 539
446 540
447 541
2887 542
2884 543
440 544
2885 545
441 546
2882 547
443 548
2883 549
448 550
6796 551
6795 552
6794 553
450 554
6793 555
6792 556
2881 557
6791 558
6790 559
2880 560
453 561
2871 562
2872 563
454 564
2873 565
452 566
6789 567
2875 568
458 569
2876 570
6787 571
2877 572
455 573
2878 574
456 575
2879 576
459 577
2870 578
461 579
460 580
462 581
2862 582
2863 583
463 584
464 585
2860 586
2861 587
6798 588
2866 589
6799 590
2867 591
467 592
468 593
2865 594
2869 595
1799 596
1797 597
1798 598
1795 599
1796 600
1793 601
1794 602
1782 603
1783 604
1785 605
1789 606
1791 607
1773 608
1774 609
1771 610
1777 611
1778 612
1776 613
1781 614
1780 615
6721 616
2811 617
1765 618
2812 619
6722 620
6723 621
1767 622
6724 623
1766 624
1761 625
6726 626
6728 627
1762 628
2819 629
2817 630
2818 631
1769 632
2815 633
1768 634
2816 635
2813 636
2814 637
1770 638
6731 639
6730 640
1756 641
6734 642
1755 643
2800 644
6732 645
1754 646
1753 647
2801 648
6733 649
1752 650
6738 651
1751 652
6739 653
6736 654
1750 655
6737 656
2807 657
2809 658
2802 659
2803 660
1758 661
2804 662
1757 663
6741 664
6740 665
6703 666
6704 667
6706 668
1740 669
1742 670
6700 671
1745 672
1744 673
6702 674
1747 675
1749 676
1748 677
6707 678
6708 679
6709 680
6716 681
1730 682
6717 683
6714 684
6715 685
1734 686
6712 687
6713 688
1733 689
6710 690
6711 691
1738 692
1736 693
1735 694
6718 695
1739 696
6720 697
4520 698
35 699
33 700
34 701
39 702
37 703
38 704
4519 705
4518 706
43 707
41 708
40 709
4513 710
4512 711
4511 712
4517 713
4516 714
4515 715
22 716
23 717
28 718
29 719
4508 720
4507 721
4509 722
30 723
32 724
4500 725
4501 726
4504 727
4506 728
19 729
15 730
13 731
14 732
21 733
20 734
10 735
78 736
77 737
4560 738
4564 739
4563 740
4562 741
4561 742
4556 743
4557 744
4558 745
4559 746
82 747
83 748
81 749
86 750
87 751
84 752
85 753
67 754
66 755
69 756
68 757
4551 758
4550 759
4553 760
4552 761
4544 762
4545 763
4546 764
4547 765
4548 766
4549 767
70 768
71 769
72 770
73 771
74 772
75 773
76 774
57 775
56 776
55 777
4542 778
4540 779
1699 780
4539 781
1698 782
4536 783
1695 784
4534 785
1694 786
4535 787
4532 788
1697 789
1696 790
4533 791
64 792
65 793
62 794
63 795
60 796
61 797
49 798
48 799
45 800
47 801
46 802
4531 803
4530 804
4527 805
4528 806
4521 807
4522 808
4524 809
51 810
52 811
53 812
487 813
4599 814
486 815
4598 816
485 817
484 818
489 819
488 820
482 821
483 822
480 823
481 824
474 825
473 826
4589 827
476 828
4588 829
475 830
4587 831
478 832
477 833
479 834
4593 835
4591 836
4596 837
4597 838
4594 839
471 840
4595 841
472 842
2788 843
2787 844
2789 845
2784 846
4576 847
2786 848
4579 849
4578 850
2790 851
4584 852
2791 853
4585 854
2793 855
4580 856
4581 857
4582 858
99 859
98 860
97 861
96 862
94 863
93 864
92 865
499 866
2799 867
2798 868
4569 869
4568 870
496 871
2797 872
495 873
4567 874
2796 875
4566 876
2794 877
497 878
4565 879
4574 880
491 881
4575 882
4572 883
4573 884
4570 885
4571 886
88 887
338 888
333 889
330 890
331 891
337 892
349 893
342 894
343 895
344 896
346 897
340 898
318 899
316 900
317 901
314 902
315 903
310 904
327 905
328 906
323 907
324 908
326 909
321 910
322 911
300 912
302 913
301 914
304 915
306 916
305 917
308 918
307 919
309 920
1601 921
1602 922
1600 923
1609 924
1607 925
1608 926
1605 927
1606 928
1603 929
1626 930
1625 931
4925 932
1628 933
4926 934
1627 935
1629 936
4920 937
4923 938
1622 939
4924 940
1621 941
1624 942
1623 943
1617 944
4936 945
4937 946
4938 947
1614 948
1619 949
1618 950
4931 951
1613 952
4933 953
1611 954
4934 955
4935 956
1610 957
4949 958
4947 959
4948 960
1649 961
1644 962
4946 963
1643 964
4943 965
1646 966
4944 967
4941 968
1640 969
4942 970
1642 971
1641 972
4958 973
1639 974
1638 975
4959 976
1637 977
1636 978
1635 979
4954 980
1634 981
4955 982
1633 983
4956 984
1632 985
4957 986
4950 987
1631 988
1630 989
4951 990
4952 991
4953 992
1671 993
1670 994
1661 995
1662 996
1663 997
1666 998
1667 999
1668 1000
1669 1001
1660 1002
1653 1003
1650 1004
1656 1005
1657 1006
1654 1007
1655 1008
1659 1009
1690 1010
1692 1011
4902 1012
1688 1013
4900 1014
1689 1015
1683 1016
1684 1017
1685 1018
1686 1019
4909 1020
4908 1021
4907 1022
4906 1023
4905 1024
4904 1025
1682 1026
1681 1027
1680 1028
4911 1029
1678 1030
4913 1031
1676 1032
4912 1033
1677 1034
1674 1035
1675 1036
1672 1037
1673 1038
4919 1039
4918 1040
4915 1041
4914 1042
4917 1043
4916 1044
1578 1045
1577 1046
1579 1047
4897 1048
1574 1049
4898 1050
1573 1051
1576 1052
4895 1053
4896 1054
1575 1055
1580 1056
1581 1057
1583 1058
4888 1059
1589 1060
1588 1061
1587 1062
4884 1063
1586 1064
4886 1065
1584 1066
4887 1067
1593 1068
4892 1069
4891 1070
1594 1071
4894 1072
1591 1073
1592 1074
1590 1075
4890 1076
1596 1077
1595 1078
1598 1079
1597 1080
1599 1081
4858 1082
4857 1083
4855 1084
4853 1085
4852 1086
4851 1087
4861 1088
4845 1089
4844 1090
4846 1091
4841 1092
4840 1093
4843 1094
4849 1095
4850 1096
4876 1097
4875 1098
4874 1099
4873 1100
4879 1101
4878 1102
4877 1103
4882 1104
4883 1105
4880 1106
4881 1107
4863 1108
4862 1109
4864 1110
4867 1111
4866 1112
4869 1113
4868 1114
4871 1115
4872 1116
5950 1117
5948 1118
5947 1119
5945 1120
5942 1121
5941 1122
5940 1123
5938 1124
5937 1125
5939 1126
5936 1127
5930 1128
5931 1129
5971 1130
5972 1131
5970 1132
5965 1133
5963 1134
5969 1135
5968 1136
5967 1137
391 1138
390 1139
393 1140
392 1141
395 1142
5961 1143
394 1144
5959 1145
396 1146
5952 1147
397 1148
5951 1149
5954 1150
398 1151
399 1152
5953 1153
5956 1154
5955 1155
5958 1156
5957 1157
383 1158
5993 1159
384 1160
381 1161
5992 1162
5991 1163
382 1164
380 1165
5988 1166
389 1167
5989 1168
388 1169
5986 1170
387 1171
5987 1172
386 1173
5985 1174
385 1175
370 1176
371 1177
5983 1178
5982 1179
5977 1180
379 1181
378 1182
5978 1183
5979 1184
375 1185
5973 1186
5974 1187
374 1188
377 1189
376 1190
361 1191
362 1192
360 1193
365 1194
364 1195
363 1196
368 1197
350 1198
351 1199
353 1200
5995 1201
5996 1202
5997 1203
355 1204
354 1205
5999 1206
359 1207
358 1208
202 1209
204 1210
201 1211
206 1212
207 1213
208 1214
209 1215
211 1216
212 1217
210 1218
215 1219
216 1220
213 1221
214 1222
219 1223
217 1224
218 1225
220 1226
221 1227
222 1228
223 1229
224 1230
225 1231
226 1232
227 1233
228 1234
229 1235
5919 1236
5917 1237
5918 1238
5915 1239
5913 1240
5914 1241
5911 1242
5912 1243
5910 1244
5926 1245
5927 1246
5928 1247
5929 1248
5922 1249
5923 1250
5924 1251
5925 1252
5920 1253
5921 1254
6989 1255
6988 1256
6987 1257
6986 1258
6985 1259
6994 1260
6995 1261
6992 1262
6990 1263
5904 1264
5905 1265
5906 1266
5908 1267
5909 1268
5901 1269
6999 1270
6998 1271
6971 1272
1523 1273
4824 1274
6963 1275
6964 1276
4822 1277
6965 1278
1525 1279
6966 1280
1524 1281
6967 1282
4820 1283
6968 1284
4821 1285
6969 1286
1520 1287
1527 1288
4828 1289
1526 1290
4829 1291
4826 1292
4827 1293
1528 1294
6980 1295
6984 1296
6982 1297
6981 1298
4833 1299
6976 1300
1514 1301
1513 1302
6977 1303
1512 1304
4835 1305
6974 1306
4836 1307
6975 1308
1511 1309
1510 1310
4830 1311
4831 1312
6979 1313
1519 1314
1518 1315
4837 1316
4838 1317
1516 1318
4839 1319
1515 1320
6951 1321
6945 1322
6946 1323
6948 1324
6941 1325
1501 1326
1500 1327
4803 1328
1503 1329
4800 1330
6943 1331
6944 1332
1505 1333
4806 1334
4807 1335
4804 1336
4805 1337
1506 1338
1509 1339
1508 1340
4808 1341
4809 1342
6962 1343
6961 1344
6960 1345
6958 1346
6959 1347
4811 1348
6954 1349
4812 1350
6955 1351
6952 1352
4813 1353
6953 1354
4819 1355
1570 1356
1572 1357
1571 1358
6928 1359
6927 1360
1566 1361
6920 1362
1568 1363
1569 1364
6924 1365
1563 1366
6926 1367
1564 1368
6925 1369
1565 1370
1561 1371
6940 1372
6939 1373
6938 1374
1559 1375
1557 1376
6933 1377
1558 1378
1555 1379
6931 1380
1556 1381
6930 1382
6937 1383
1553 1384
6936 1385
1554 1386
1550 1387
1548 1388
6909 1389
1549 1390
6906 1391
6905 1392
6908 1393
6907 1394
1540 1395
6902 1396
6901 1397
1541 1398
6904 1399
6903 1400
1543 1401
1545 1402
1546 1403
6900 1404
1547 1405
1539 1406
1537 1407
1538 1408
6919 1409
6918 1410
6917 1411
6916 1412
6915 1413
1531 1414
6914 1415
1532 1416
6913 1417
6912 1418
1535 1419
6911 1420
1536 1421
6910 1422
1533 1423
1534 1424
1475 1425
4799 1426
1474 1427
1476 1428
1479 1429
1481 1430
1483 1431
1484 1432
1488 1433
4785 1434
4786 1435
1487 1436
4787 1437
4788 1438
1485 1439
1490 1440
1495 1441
4792 1442
4795 1443
1492 1444
1493 1445
4794 1446
1457 1447
1456 1448
1459 1449
4778 1450
4779 1451
1458 1452
1453 1453
4776 1454
1452 1455
4777 1456
1455 1457
4775 1458
1454 1459
4784 1460
4783 1461
1461 1462
4782 1463
4781 1464
1462 1465
4780 1466
4767 1467
1469 1468
4769 1469
1468 1470
1467 1471
5899 1472
1466 1473
4763 1474
1465 1475
4764 1476
5897 1477
4765 1478
5896 1479
4766 1480
1472 1481
1473 1482
1470 1483
4773 1484
4772 1485
1471 1486
4755 1487
4753 1488
4759 1489
4761 1490
4762 1491
4749 1492
4742 1493
4743 1494
4745 1495
4748 1496
4747 1497
4750 1498
4751 1499
4739 1500
4736 1501
4735 1502
4734 1503
4733 1504
1496 1505
4732 1506
1497 1507
4730 1508
1499 1509
4740 1510
4728 1511
4727 1512
4724 1513
4723 1514
4720 1515
4722 1516
4721 1517
281 1518
280 1519
285 1520
5850 1521
5851 1522
284 1523
283 1524
282 1525
5844 1526
5843 1527
5842 1528
286 1529
5841 1530
5846 1531
5849 1532
272 1533
271 1534
274 1535
5840 1536
273 1537
275 1538
5831 1539
5830 1540
277 1541
5833 1542
278 1543
5832 1544
5834 1545
5837 1546
5836 1547
5839 1548
5838 1549
5824 1550
5822 1551
5829 1552
5828 1553
5827 1554
294 1555
293 1556
295 1557
290 1558
292 1559
291 1560
5813 1561
5812 1562
5815 1563
5814 1564
297 1565
298 1566
299 1567
5811 1568
5819 1569
5818 1570
5891 1571
5890 1572
5895 1573
240 1574
5894 1575
5893 1576
5892 1577
5887 1578
245 1579
244 1580
5888 1581
5885 1582
249 1583
248 1584
247 1585
246 1586
5880 1587
5882 1588
230 1589
239 1590
5874 1591
232 1592
231 1593
5875 1594
5876 1595
234 1596
233 1597
5877 1598
236 1599
5878 1600
5879 1601
235 1602
238 1603
237 1604
262 1605
263 1606
5871 1607
261 1608
5869 1609
269 1610
268 1611
5868 1612
5865 1613
267 1614
266 1615
5866 1616
5863 1617
5864 1618
250 1619
251 1620
5862 1621
252 1622
5861 1623
5856 1624
257 1625
5857 1626
259 1627
5852 1628
254 1629
253 1630
5853 1631
5854 1632
256 1633
5855 1634
255 1635
1411 1636
941 1637
1415 1638
942 1639
1414 1640
1413 1641
1412 1642
940 1643
945 1644
1419 1645
1418 1646
946 1647
943 1648
1417 1649
1416 1650
944 1651
947 1652
948 1653
1422 1654
1423 1655
930 1656
1426 1657
931 1658
1428 1659
932 1660
1427 1661
933 1662
934 1663
935 1664
936 1665
938 1666
939 1667
929 1668
1437 1669
920 1670
1436 1671
1435 1672
1432 1673
1431 1674
1430 1675
928 1676
926 1677
923 1678
924 1679
1439 1680
921 1681
1438 1682
919 1683
918 1684
1440 1685
1445 1686
1442 1687
1441 1688
1444 1689
1443 1690
914 1691
915 1692
916 1693
917 1694
910 1695
1449 1696
911 1697
912 1698
913 1699
908 1700
907 1701
909 1702
1450 1703
988 1704
987 1705
982 1706
981 1707
980 1708
986 1709
985 1710
984 1711
983 1712
977 1713
976 1714
971 1715
970 1716
975 1717
974 1718
969 1719
968 1720
967 1721
966 1722
964 1723
963 1724
961 1725
960 1726
959 1727
1409 1728
958 1729
955 1730
1405 1731
954 1732
1406 1733
1407 1734
956 1735
1408 1736
951 1737
1401 1738
950 1739
1402 1740
953 1741
952 1742
1404 1743
4292 1744
4294 1745
4296 1746
4295 1747
4298 1748
4297 1749
4299 1750
5802 1751
5804 1752
5800 1753
5806 1754
5805 1755
5808 1756
5807 1757
997 1758
994 1759
995 1760
992 1761
993 1762
991 1763
998 1764
999 1765
2508 1766
2506 1767
2505 1768
2509 1769
2500 1770
2504 1771
2502 1772
2501 1773
2516 1774
2518 1775
2511 1776
2510 1777
2513 1778
2512 1779
2515 1780
2527 1781
2526 1782
2525 1783
2524 1784
2522 1785
2521 1786
2540 1787
2539 1788
2538 1789
2534 1790
2537 1791
2536 1792
2531 1793
2530 1794
5736 1795
4208 1796
2437 1797
5735 1798
2438 1799
5738 1800
4206 1801
5737 1802
4207 1803
2436 1804
2433 1805
5732 1806
4204 1807
4205 1808
5731 1809
2434 1810
4202 1811
2431 1812
5734 1813
4203 1814
2432 1815
5733 1816
5739 1817
2439 1818
7060 1819
7063 1820
7062 1821
4212 1822
7068 1823
2441 1824
7067 1825
2440 1826
5741 1827
7065 1828
7069 1829
2424 1830
4217 1831
5749 1832
5748 1833
2425 1834
4219 1835
5747 1836
5746 1837
2427 1838
4213 1839
5745 1840
5744 1841
4214 1842
2422 1843
4215 1844
4216 1845
2423 1846
2429 1847
7071 1848
7070 1849
7073 1850
7072 1851
5752 1852
4220 1853
4223 1854
7079 1855
7078 1856
5750 1857
4222 1858
4226 1859
2455 1860
4227 1861
5753 1862
4224 1863
5756 1864
2453 1865
2454 1866
5755 1867
2459 1868
5758 1869
4228 1870
2457 1871
5759 1872
2458 1873
4229 1874
7042 1875
7041 1876
7040 1877
4230 1878
7049 1879
7048 1880
7046 1881
5760 1882
4234 1883
2462 1884
7045 1885
4232 1886
2461 1887
7044 1888
2460 1889
4231 1890
7043 1891
5767 1892
2442 1893
4235 1894
5766 1895
4236 1896
4237 1897
2444 1898
5765 1899
4238 1900
2445 1901
2446 1902
2447 1903
5769 1904
2448 1905
2449 1906
5768 1907
7051 1908
7050 1909
7059 1910
5770 1911
4241 1912
7055 1913
4243 1914
5773 1915
2450 1916
5774 1917
4242 1918
7054 1919
5771 1920
4245 1921
7057 1922
5772 1923
7056 1924
2451 1925
2478 1926
4249 1927
2477 1928
4247 1929
2476 1930
2475 1931
4246 1932
2484 1933
4255 1934
4256 1935
2485 1936
2482 1937
4253 1938
2483 1939
4254 1940
2480 1941
4252 1942
4250 1943
5708 1944
5707 1945
5704 1946
2469 1947
5705 1948
2468 1949
5702 1950
5703 1951
4258 1952
5700 1953
4257 1954
2466 1955
2471 1956
4264 1957
2472 1958
4265 1959
2473 1960
4266 1961
2474 1962
4260 1963
4261 1964
2470 1965
4263 1966
5717 1967
5719 1968
5710 1969
2499 1970
2498 1971
4269 1972
5711 1973
2497 1974
4268 1975
5712 1976
5713 1977
5715 1978
5716 1979
4274 1980
4271 1981
4272 1982
4277 1983
4278 1984
4275 1985
7087 1986
4276 1987
7085 1988
7083 1989
7084 1990
7081 1991
4270 1992
7082 1993
5729 1994
4279 1995
5723 1996
2486 1997
2489 1998
5720 1999
5721 2000
2488 2001
5726 2002
5727 2003
5724 2004
4282 2005
2490 2006
2491 2007
4285 2008
7098 2009
2493 2010
4286 2011
5730 2012
4287 2013
7099 2014
2494 2015
2495 2016
4288 2017
2496 2018
7094 2019
7095 2020
7096 2021
7091 2022
7092 2023
7093 2024
1395 2025
1396 2026
1394 2027
1391 2028
1392 2029
1390 2030
1389 2031
1387 2032
1386 2033
1382 2034
1380 2035
1381 2036
1379 2037
1378 2038
1377 2039
1398 2040
1399 2041
7021 2042
5785 2043
5784 2044
1351 2045
7022 2046
1350 2047
5783 2048
7023 2049
7024 2050
5782 2051
7025 2052
5781 2053
7026 2054
5780 2055
7027 2056
7020 2057
1348 2058
7018 2059
5779 2060
1347 2061
5777 2062
1345 2063
5778 2064
5775 2065
1342 2066
1343 2067
7034 2068
7035 2069
5793 2070
5796 2071
1341 2072
7032 2073
1340 2074
5795 2075
7038 2076
7036 2077
5792 2078
5791 2079
7037 2080
7030 2081
7031 2082
1339 2083
1335 2084
1336 2085
7029 2086
1338 2087
5786 2088
1331 2089
5787 2090
1332 2091
1334 2092
1370 2093
7003 2094
7004 2095
7005 2096
7006 2097
7000 2098
1372 2099
7002 2100
1371 2101
5799 2102
1366 2103
1367 2104
5797 2105
1364 2106
1365 2107
5798 2108
1368 2109
1369 2110
7017 2111
7014 2112
7015 2113
4200 2114
7012 2115
1360 2116
7013 2117
1363 2118
7011 2119
1362 2120
1354 2121
1355 2122
1356 2123
1357 2124
1358 2125
7009 2126
1359 2127
7008 2128
7007 2129
806 2130
807 2131
804 2132
805 2133
803 2134
1319 2135
1318 2136
1317 2137
1316 2138
1315 2139
1313 2140
1311 2141
1310 2142
1328 2143
1324 2144
1327 2145
1326 2146
1321 2147
1322 2148
824 2149
825 2150
822 2151
828 2152
829 2153
826 2154
827 2155
820 2156
821 2157
1307 2158
1306 2159
812 2160
1309 2161
813 2162
814 2163
1308 2164
817 2165
1301 2166
1300 2167
1303 2168
1302 2169
1305 2170
1304 2171
810 2172
809 2173
808 2174
843 2175
842 2176
841 2177
840 2178
849 2179
848 2180
847 2181
846 2182
845 2183
844 2184
830 2185
832 2186
838 2187
837 2188
839 2189
834 2190
833 2191
835 2192
861 2193
860 2194
865 2195
862 2196
869 2197
868 2198
867 2199
852 2200
854 2201
853 2202
856 2203
855 2204
857 2205
859 2206
888 2207
889 2208
884 2209
885 2210
886 2211
887 2212
880 2213
881 2214
882 2215
883 2216
4199 2217
4198 2218
4195 2219
4194 2220
4191 2221
4190 2222
4193 2223
4192 2224
879 2225
877 2226
878 2227
875 2228
876 2229
873 2230
874 2231
872 2232
4185 2233
4184 2234
4183 2235
4188 2236
4187 2237
4182 2238
4181 2239
4173 2240
4172 2241
4175 2242
4174 2243
890 2244
4176 2245
4179 2246
4178 2247
4171 2248
4170 2249
899 2250
4169 2251
891 2252
892 2253
897 2254
895 2255
896 2256
2405 2257
2404 2258
2403 2259
2402 2260
2401 2261
2409 2262
2407 2263
2406 2264
2414 2265
2416 2266
2415 2267
2410 2268
2411 2269
2417 2270
2419 2271
4105 2272
2334 2273
4106 2274
5632 2275
2335 2276
5635 2277
4103 2278
2332 2279
2333 2280
5634 2281
4104 2282
4109 2283
5637 2284
2339 2285
5636 2286
5639 2287
2337 2288
4108 2289
7169 2290
7167 2291
7166 2292
2341 2293
2340 2294
5641 2295
7165 2296
5642 2297
7164 2298
7162 2299
7161 2300
7160 2301
2329 2302
5646 2303
2321 2304
5645 2305
2322 2306
4115 2307
4116 2308
2323 2309
5643 2310
4117 2311
4118 2312
2325 2313
2326 2314
5649 2315
4119 2316
5648 2317
2327 2318
5647 2319
2328 2320
7179 2321
4120 2322
4122 2323
5652 2324
7175 2325
4121 2326
2331 2327
4124 2328
5650 2329
5651 2330
7177 2331
7172 2332
7171 2333
7173 2334
7170 2335
5618 2336
2318 2337
5615 2338
2316 2339
5614 2340
2317 2341
5617 2342
2314 2343
5616 2344
2315 2345
5611 2346
2313 2347
5610 2348
2310 2349
5613 2350
5612 2351
2320 2352
7188 2353
7187 2354
5620 2355
7181 2356
7185 2357
7184 2358
7183 2359
7182 2360
2307 2361
2309 2362
5629 2363
2303 2364
5628 2365
2306 2366
5624 2367
5623 2368
2300 2369
2301 2370
5622 2371
5621 2372
2302 2373
4100 2374
5630 2375
7198 2376
7197 2377
5631 2378
4102 2379
7190 2380
7192 2381
7191 2382
7194 2383
7196 2384
7195 2385
2379 2386
2378 2387
4149 2388
4148 2389
2377 2390
4147 2391
2376 2392
4153 2393
2382 2394
4150 2395
4151 2396
4156 2397
4157 2398
2386 2399
2383 2400
4155 2401
2384 2402
4159 2403
2366 2404
5601 2405
4158 2406
2365 2407
5602 2408
5600 2409
2367 2410
5605 2411
5604 2412
5607 2413
4161 2414
4162 2415
2370 2416
4163 2417
4164 2418
4165 2419
4166 2420
4167 2421
2374 2422
4168 2423
2359 2424
2358 2425
4129 2426
2357 2427
4128 2428
4127 2429
2356 2430
2355 2431
4126 2432
2354 2433
2363 2434
4134 2435
4135 2436
2364 2437
2361 2438
4132 2439
2362 2440
4133 2441
2360 2442
4131 2443
2347 2444
2349 2445
4137 2446
2344 2447
2343 2448
2346 2449
2345 2450
4138 2451
2350 2452
4143 2453
4144 2454
2351 2455
4145 2456
2353 2457
4140 2458
4141 2459
4142 2460
1293 2461
1290 2462
1296 2463
1297 2464
1294 2465
1295 2466
1282 2467
1283 2468
1284 2469
1285 2470
1286 2471
1277 2472
1276 2473
1278 2474
1274 2475
1275 2476
1272 2477
7100 2478
1273 2479
1270 2480
7102 2481
1271 2482
7105 2483
1269 2484
2398 2485
1268 2486
2399 2487
1267 2488
5699 2489
1266 2490
1265 2491
5698 2492
1261 2493
7112 2494
2397 2495
2396 2496
1262 2497
1263 2498
1264 2499
2394 2500
7116 2501
2392 2502
7114 2503
1260 2504
2390 2505
7113 2506
1259 2507
7109 2508
7106 2509
7107 2510
1255 2511
2389 2512
1254 2513
2387 2514
1257 2515
1256 2516
2388 2517
7124 2518
5682 2519
7125 2520
5681 2521
7126 2522
5680 2523
5686 2524
7120 2525
1253 2526
1252 2527
7121 2528
5685 2529
1251 2530
7122 2531
7123 2532
5683 2533
5678 2534
1245 2535
1246 2536
1243 2537
5676 2538
5677 2539
1244 2540
1249 2541
7118 2542
7117 2543
1247 2544
1248 2545
7119 2546
7130 2547
5691 2548
5690 2549
7135 2550
5693 2551
7136 2552
5692 2553
1240 2554
7134 2555
5697 2556
1242 2557
1241 2558
7132 2559
5696 2560
1232 2561
5687 2562
5688 2563
1234 2564
5689 2565
1236 2566
7129 2567
1238 2568
1239 2569
7128 2570
7140 2571
7141 2572
5664 2573
1231 2574
7142 2575
7143 2576
1230 2577
7144 2578
5661 2579
5660 2580
7147 2581
7149 2582
1227 2583
7139 2584
1228 2585
1225 2586
5658 2587
1226 2588
5659 2589
1223 2590
1224 2591
5657 2592
5654 2593
1221 2594
5655 2595
1222 2596
1229 2597
7152 2598
7155 2599
5673 2600
5672 2601
5675 2602
7153 2603
1220 2604
7154 2605
5674 2606
7159 2607
5671 2608
7157 2609
5670 2610
7158 2611
1214 2612
1215 2613
1217 2614
1210 2615
5665 2616
5666 2617
5667 2618
1212 2619
1213 2620
905 2621
900 2622
1219 2623
902 2624
748 2625
747 2626
746 2627
745 2628
749 2629
740 2630
742 2631
741 2632
735 2633
734 2634
737 2635
731 2636
730 2637
733 2638
729 2639
728 2640
727 2641
725 2642
723 2643
721 2644
720 2645
719 2646
718 2647
713 2648
712 2649
710 2650
700 2651
703 2652
704 2653
701 2654
702 2655
707 2656
708 2657
705 2658
706 2659
1204 2660
1206 2661
1205 2662
1200 2663
1202 2664
1201 2665
1208 2666
1207 2667
2748 2668
2747 2669
2742 2670
2741 2671
2746 2672
2745 2673
2744 2674
2759 2675
2750 2676
2753 2677
2752 2678
2755 2679
2754 2680
2757 2681
2756 2682
2760 2683
2769 2684
2768 2685
2767 2686
2766 2687
2765 2688
2764 2689
2762 2690
2770 2691
2777 2692
799 2693
2779 2694
797 2695
796 2696
795 2697
2773 2698
2772 2699
794 2700
2775 2701
793 2702
2774 2703
792 2704
790 2705
2780 2706
2782 2707
781 2708
783 2709
784 2710
2701 2711
2702 2712
787 2713
788 2714
2700 2715
789 2716
2705 2717
2706 2718
2703 2719
2704 2720
2709 2721
2707 2722
2708 2723
780 2724
772 2725
773 2726
770 2727
2711 2728
774 2729
775 2730
2713 2731
2715 2732
778 2733
2716 2734
2717 2735
779 2736
2719 2737
763 2738
764 2739
2724 2740
2721 2741
765 2742
2722 2743
766 2744
761 2745
762 2746
2729 2747
767 2748
2727 2749
768 2750
2725 2751
769 2752
2726 2753
2732 2754
755 2755
753 2756
2735 2757
750 2758
751 2759
2730 2760
2731 2761
758 2762
2736 2763
759 2764
2738 2765
756 2766
2739 2767
757 2768
4497 2769
1195 2770
4495 2771
1198 2772
4496 2773
1192 2774
4494 2775
1194 2776
1193 2777
4492 2778
4490 2779
1190 2780
1188 2781
4489 2782
4488 2783
1187 2784
1186 2785
1185 2786
1184 2787
1183 2788
1179 2789
1177 2790
1178 2791
1199 2792
4454 2793
2683 2794
2682 2795
4453 2796
2681 2797
4452 2798
2680 2799
4451 2800
4450 2801
2679 2802
4448 2803
2677 2804
4449 2805
2678 2806
2675 2807
4447 2808
2676 2809
2673 2810
4444 2811
4445 2812
2674 2813
2670 2814
4463 2815
5510 2816
4465 2817
2672 2818
2671 2819
4464 2820
4461 2821
5507 2822
2666 2823
5506 2824
5505 2825
5504 2826
2669 2827
2662 2828
5503 2829
2663 2830
4456 2831
5501 2832
4457 2833
4458 2834
2665 2835
5509 2836
5508 2837
4472 2838
4471 2839
4470 2840
4476 2841
4475 2842
5520 2843
4473 2844
5521 2845
5512 2846
5511 2847
4469 2848
4466 2849
2695 2850
4467 2851
2696 2852
5516 2853
5518 2854
5517 2855
5519 2856
4481 2857
4480 2858
2690 2859
4482 2860
4485 2861
2691 2862
4484 2863
2694 2864
4487 2865
2693 2866
4486 2867
4477 2868
5524 2869
4478 2870
2685 2871
5523 2872
2687 2873
5529 2874
2688 2875
2689 2876
5527 2877
4408 2878
1109 2879
1106 2880
5539 2881
4405 2882
4404 2883
1107 2884
5537 2885
4407 2886
1104 2887
1105 2888
5538 2889
4406 2890
5535 2891
4401 2892
1103 2893
4400 2894
5536 2895
5533 2896
1101 2897
4402 2898
5543 2899
1110 2900
5542 2901
5541 2902
5540 2903
4419 2904
4418 2905
5548 2906
4417 2907
4416 2908
4415 2909
4414 2910
5544 2911
5545 2912
4413 2913
4412 2914
5546 2915
5547 2916
5552 2917
5551 2918
4421 2919
5553 2920
5550 2921
5557 2922
1124 2923
4423 2924
5558 2925
1125 2926
4422 2927
1122 2928
4425 2929
5556 2930
4424 2931
4427 2932
1128 2933
1129 2934
4426 2935
1126 2936
4429 2937
5559 2938
4428 2939
1127 2940
5561 2941
5560 2942
1132 2943
1131 2944
5564 2945
4430 2946
5563 2947
4431 2948
1130 2949
5562 2950
4432 2951
1119 2952
5566 2953
1111 2954
1112 2955
4434 2956
1113 2957
5568 2958
5569 2959
1114 2960
4433 2961
1115 2962
4439 2963
4438 2964
1117 2965
4437 2966
1118 2967
5570 2968
5572 2969
5571 2970
5574 2971
4442 2972
4443 2973
5573 2974
5576 2975
4440 2976
1121 2977
4441 2978
1120 2979
5575 2980
1149 2981
1148 2982
1147 2983
5579 2984
1146 2985
1145 2986
5578 2987
5577 2988
5586 2989
1153 2990
5587 2991
5584 2992
1152 2993
5585 2994
5582 2995
1150 2996
5583 2997
5580 2998
5581 2999
1137 3000
1139 3001
5589 3002
1133 3003
1135 3004
5590 3005
1140 3006
5596 3007
5597 3008
1142 3009
1143 3010
5591 3011
5592 3012
5594 3013
1169 3014
1168 3015
1167 3016
1166 3017
5599 3018
1172 3019
1175 3020
1176 3021
1173 3022
1174 3023
1156 3024
1155 3025
1158 3026
1157 3027
1160 3028
1161 3029
1163 3030
1164 3031
1165 3032
601 3033
600 3034
609 3035
608 3036
607 3037
605 3038
604 3039
603 3040
602 3041
623 3042
622 3043
621 3044
620 3045
627 3046
626 3047
625 3048
629 3049
628 3050
610 3051
611 3052
614 3053
616 3054
615 3055
617 3056
2646 3057
2645 3058
689 3059
2644 3060
683 3061
2643 3062
682 3063
2641 3064
685 3065
684 3066
2640 3067
2649 3068
2648 3069
2650 3070
681 3071
2656 3072
678 3073
677 3074
676 3075
2658 3076
2657 3077
2652 3078
2651 3079
673 3080
2654 3081
672 3082
2653 3083
2659 3084
679 3085
670 3086
2660 3087
2661 3088
2621 3089
2620 3090
2624 3091
2623 3092
2629 3093
2628 3094
2627 3095
2630 3096
695 3097
694 3098
2631 3099
2634 3100
2633 3101
699 3102
2636 3103
698 3104
697 3105
2638 3106
2637 3107
691 3108
692 3109
690 3110
2609 3111
2606 3112
2607 3113
647 3114
648 3115
2604 3116
649 3117
2605 3118
2602 3119
642 3120
2603 3121
643 3122
644 3123
2601 3124
640 3125
641 3126
2619 3127
637 3128
2616 3129
638 3130
635 3131
2617 3132
636 3133
2611 3134
2612 3135
630 3136
2610 3137
668 3138
669 3139
661 3140
662 3141
663 3142
664 3143
665 3144
666 3145
667 3146
659 3147
657 3148
658 3149
651 3150
652 3151
650 3152
655 3153
656 3154
653 3155
654 3156
4390 3157
4391 3158
1091 3159
1093 3160
4394 3161
1092 3162
4395 3163
4392 3164
1095 3165
1094 3166
4398 3167
1097 3168
1096 3169
4399 3170
1099 3171
4396 3172
4397 3173
1089 3174
4389 3175
1080 3176
1084 3177
1083 3178
1082 3179
1081 3180
1088 3181
1087 3182
1086 3183
1085 3184
1078 3185
1079 3186
4376 3187
1074 3188
4377 3189
4374 3190
1077 3191
1076 3192
4372 3193
1071 3194
1073 3195
4370 3196
1067 3197
2599 3198
4369 3199
2597 3200
4368 3201
1069 3202
4367 3203
2596 3204
4385 3205
1066 3206
2592 3207
2593 3208
1065 3209
1064 3210
4387 3211
2594 3212
2595 3213
1063 3214
4388 3215
1062 3216
4381 3217
4382 3218
1061 3219
4383 3220
2590 3221
2591 3222
2586 3223
4379 3224
1058 3225
4378 3226
1059 3227
1056 3228
1057 3229
2580 3230
4351 3231
4350 3232
2584 3233
2583 3234
4354 3235
2582 3236
4352 3237
5400 3238
2576 3239
2577 3240
2574 3241
4345 3242
4346 3243
2575 3244
2578 3245
4349 3246
2579 3247
4360 3248
4362 3249
2571 3250
5410 3251
2570 3252
4363 3253
2573 3254
4366 3255
2572 3256
4365 3257
5409 3258
2563 3259
4356 3260
5404 3261
5403 3262
4357 3263
2564 3264
5402 3265
2565 3266
4358 3267
5401 3268
2567 3269
5408 3270
2568 3271
2569 3272
5406 3273
2562 3274
2561 3275
4331 3276
4330 3277
4329 3278
2558 3279
4328 3280
2557 3281
4323 3282
4324 3283
2553 3284
4342 3285
4341 3286
2551 3287
4343 3288
2550 3289
4338 3290
2545 3291
4339 3292
2547 3293
2548 3294
2541 3295
4334 3296
4335 3297
2542 3298
4336 3299
4337 3300
2544 3301
4302 3302
1003 3303
5436 3304
1004 3305
4301 3306
1001 3307
5434 3308
4304 3309
4303 3310
1002 3311
5435 3312
1007 3313
4305 3314
1008 3315
1005 3316
4308 3317
5438 3318
4307 3319
1006 3320
4309 3321
1009 3322
5440 3323
1011 3324
1010 3325
5443 3326
4310 3327
5442 3328
4311 3329
5441 3330
5445 3331
4314 3332
5446 3333
4313 3334
4312 3335
4319 3336
4318 3337
4317 3338
5451 3339
5450 3340
5453 3341
4321 3342
5452 3343
4322 3344
1000 3345
4320 3346
5454 3347
5418 3348
5416 3349
5417 3350
5414 3351
5415 3352
5412 3353
5413 3354
5422 3355
5420 3356
5427 3357
5428 3358
5429 3359
5423 3360
5424 3361
5425 3362
5426 3363
5431 3364
4300 3365
5430 3366
5433 3367
5432 3368
1048 3369
5479 3370
1046 3371
1045 3372
5478 3373
1049 3374
5483 3375
1050 3376
1051 3377
5484 3378
5482 3379
1054 3380
5487 3381
1055 3382
5488 3383
5485 3384
1052 3385
5486 3386
1035 3387
5489 3388
1034 3389
1037 3390
1036 3391
5492 3392
5493 3393
5494 3394
5495 3395
1040 3396
5496 3397
1041 3398
1042 3399
5498 3400
1044 3401
5499 3402
5490 3403
5491 3404
1029 3405
1028 3406
1027 3407
5459 3408
1025 3409
1024 3410
5457 3411
1023 3412
5456 3413
1032 3414
5465 3415
1033 3416
5466 3417
1030 3418
1031 3419
5464 3420
5461 3421
5462 3422
5460 3423
1017 3424
1016 3425
1019 3426
1013 3427
1012 3428
5467 3429
1015 3430
5469 3431
1020 3432
5475 3433
1021 3434
5477 3435
1022 3436
5470 3437
5472 3438
5473 3439
5370 3440
5374 3441
3282 3442
3281 3443
5373 3444
3284 3445
5372 3446
3283 3447
5371 3448
3286 3449
3285 3450
5375 3451
3287 3452
3278 3453
6093 3454
6095 3455
6096 3456
6090 3457
6092 3458
3295 3459
3294 3460
5360 3461
5363 3462
5362 3463
3292 3464
3299 3465
6097 3466
5365 3467
6098 3468
5364 3469
3298 3470
6099 3471
5366 3472
3296 3473
5357 3474
5358 3475
5359 3476
3289 3477
6080 3478
6081 3479
6084 3480
6085 3481
6083 3482
5356 3483
5355 3484
6089 3485
6086 3486
5354 3487
5353 3488
5352 3489
5351 3490
5350 3491
5348 3492
5349 3493
5346 3494
5347 3495
6070 3496
6071 3497
6072 3498
6073 3499
6074 3500
6075 3501
6076 3502
6077 3503
5345 3504
2100 3505
5344 3506
6078 3507
6079 3508
5341 3509
5340 3510
5339 3511
5336 3512
5337 3513
5338 3514
2111 3515
3241 3516
5333 3517
2110 3518
5334 3519
5331 3520
3243 3521
3244 3522
5332 3523
2109 3524
2103 3525
3235 3526
5327 3527
5326 3528
3234 3529
2101 3530
3237 3531
5325 3532
2102 3533
5324 3534
2107 3535
2108 3536
3238 3537
2105 3538
5329 3539
3250 3540
3251 3541
2120 3542
3254 3543
3255 3544
5322 3545
3252 3546
5323 3547
3253 3548
2112 3549
5314 3550
3248 3551
3247 3552
5313 3553
2113 3554
5316 3555
2114 3556
3246 3557
3245 3558
5315 3559
2115 3560
5318 3561
2117 3562
2118 3563
2119 3564
5311 3565
2133 3566
2132 3567
3264 3568
5312 3569
2131 3570
2130 3571
5310 3572
3266 3573
3262 3574
2129 3575
5308 3576
2127 3577
5307 3578
5306 3579
2128 3580
2125 3581
3257 3582
5305 3583
5304 3584
3256 3585
2126 3586
3259 3587
5303 3588
3258 3589
5302 3590
2141 3591
5300 3592
2144 3593
3274 3594
2143 3595
3275 3596
5301 3597
3273 3598
2140 3599
3270 3600
3271 3601
2138 3602
2139 3603
2134 3604
3269 3605
3268 3606
3267 3607
2137 3608
2146 3609
2145 3610
2148 3611
2147 3612
6018 3613
6017 3614
6019 3615
6024 3616
6025 3617
6026 3618
6027 3619
2152 3620
6020 3621
2153 3622
6021 3623
6022 3624
2154 3625
6023 3626
3201 3627
2159 3628
3202 3629
2158 3630
3203 3631
2157 3632
3204 3633
6009 3634
3205 3635
3206 3636
6008 3637
3207 3638
6007 3639
3208 3640
3209 3641
6015 3642
6016 3643
6013 3644
2160 3645
6011 3646
6012 3647
3210 3648
2164 3649
6010 3650
3218 3651
3219 3652
3216 3653
3217 3654
3214 3655
2168 3656
2167 3657
3215 3658
3212 3659
3213 3660
3222 3661
3221 3662
2175 3663
3220 3664
6000 3665
6001 3666
2177 3667
6002 3668
2170 3669
6003 3670
2172 3671
6005 3672
2173 3673
3229 3674
3223 3675
3224 3676
3225 3677
2179 3678
2180 3679
3231 3680
2188 3681
3230 3682
3233 3683
2185 3684
2183 3685
2184 3686
2181 3687
2182 3688
2189 3689
2193 3690
6069 3691
6068 3692
2192 3693
2195 3694
2194 3695
6065 3696
6064 3697
6067 3698
6066 3699
2198 3700
6061 3701
6060 3702
6063 3703
6062 3704
2191 3705
2190 3706
6059 3707
6058 3708
6057 3709
6055 3710
6054 3711
6053 3712
6050 3713
6039 3714
6043 3715
6042 3716
6045 3717
6047 3718
6046 3719
6049 3720
6048 3721
6041 3722
6040 3723
6028 3724
6033 3725
6032 3726
6031 3727
6037 3728
6036 3729
6030 3730
5379 3731
5385 3732
5382 3733
5383 3734
5389 3735
5386 3736
5380 3737
5381 3738
5393 3739
5394 3740
5397 3741
5399 3742
5390 3743
5392 3744
5235 3745
5234 3746
2210 3747
5233 3748
5232 3749
5231 3750
5230 3751
2209 3752
2208 3753
2207 3754
2206 3755
5229 3756
2205 3757
2204 3758
2203 3759
5227 3760
5228 3761
2201 3762
5225 3763
2200 3764
5226 3765
5222 3766
2220 3767
5223 3768
5220 3769
2219 3770
2216 3771
2217 3772
2212 3773
5214 3774
5215 3775
2211 3776
2214 3777
5216 3778
5217 3779
5253 3780
5252 3781
5251 3782
5250 3783
5257 3784
5256 3785
5255 3786
5254 3787
5249 3788
3399 3789
5248 3790
5240 3791
5242 3792
5241 3793
5244 3794
5243 3795
5245 3796
5237 3797
5238 3798
5239 3799
2254 3800
3385 3801
2253 3802
3386 3803
2251 3804
3387 3805
2250 3806
3380 3807
3381 3808
3382 3809
3383 3810
2248 3811
2249 3812
3378 3813
2247 3814
3377 3815
2244 3816
3379 3817
2245 3818
3390 3819
2263 3820
3397 3821
3398 3822
2262 3823
3395 3824
2265 3825
3396 3826
3394 3827
3391 3828
2261 3829
3392 3830
2260 3831
2255 3832
2256 3833
2257 3834
2258 3835
3388 3836
3360 3837
3361 3838
5212 3839
3362 3840
2231 3841
3363 3842
5213 3843
2230 3844
5210 3845
3364 3846
3365 3847
5211 3848
3356 3849
2224 3850
5206 3851
5205 3852
2225 3853
3355 3854
3358 3855
2222 3856
5204 3857
2223 3858
5203 3859
2228 3860
3359 3861
2229 3862
5209 3863
2226 3864
2227 3865
5207 3866
3371 3867
3372 3868
3370 3869
2241 3870
3375 3871
5200 3872
3376 3873
2240 3874
2243 3875
3373 3876
3374 3877
5202 3878
2242 3879
3369 3880
2233 3881
3368 3882
2236 3883
3366 3884
2238 3885
2239 3886
3339 3887
3338 3888
2289 3889
3335 3890
3336 3891
2288 3892
3333 3893
3334 3894
2295 3895
3343 3896
3342 3897
2296 3898
3341 3899
2297 3900
3340 3901
2298 3902
2291 3903
2293 3904
2294 3905
3348 3906
3349 3907
3344 3908
3345 3909
2299 3910
3347 3911
3354 3912
3319 3913
3313 3914
2266 3915
3311 3916
2269 3917
2268 3918
3317 3919
3318 3920
3315 3921
3316 3922
2271 3923
3321 3924
2273 3925
2274 3926
3320 3927
2275 3928
2276 3929
3322 3930
2279 3931
2278 3932
3324 3933
3325 3934
3326 3935
3327 3936
3328 3937
2283 3938
2280 3939
2281 3940
3330 3941
2286 3942
2287 3943
2284 3944
2285 3945
3331 3946
3304 3947
3306 3948
3301 3949
3300 3950
3303 3951
3308 3952
5259 3953
5258 3954
5264 3955
5261 3956
5262 3957
5267 3958
5268 3959
5265 3960
5266 3961
5269 3962
5270 3963
5272 3964
5274 3965
5275 3966
5276 3967
5277 3968
5278 3969
5279 3970
5289 3971
5287 3972
5288 3973
5285 3974
5283 3975
5284 3976
5290 3977
5292 3978
5293 3979
5298 3980
5294 3981
5295 3982
5296 3983
5297 3984
3477 3985
3476 3986
3479 3987
3478 3988
3480 3989
3481 3990
3482 3991
3483 3992
3484 3993
3485 3994
3486 3995
3489 3996
3488 3997
3487 3998
3492 3999
3493 4000
3490 4001
3491 4002
3497 4003
3494 4004
3499 4005
3498 4006
5128 4007
5129 4008
5126 4009
5127 4010
5131 4011
5130 4012
5136 4013
5135 4014
5134 4015
5116 4016
5118 4017
5119 4018
5121 4019
5120 4020
5123 4021
5122 4022
5108 4023
5109 4024
5106 4025
5107 4026
5104 4027
5114 4028
5112 4029
5110 4030
5101 4031
5103 4032
4043 4033
4042 4034
4040 4035
4047 4036
4046 4037
4045 4038
4044 4039
4039 4040
4037 4041
4032 4042
4031 4043
6299 4044
4034 4045
6298 4046
4033 4047
6297 4048
4036 4049
6296 4050
6295 4051
6294 4052
6291 4053
3408 4054
3407 4055
3409 4056
4026 4057
4027 4058
4028 4059
3402 4060
4029 4061
3401 4062
3404 4063
4025 4064
6285 4065
6284 4066
3420 4067
6287 4068
4023 4069
6286 4070
4021 4071
6289 4072
6280 4073
3419 4074
3418 4075
3417 4076
3416 4077
4019 4078
3415 4079
3414 4080
4017 4081
3413 4082
3412 4083
4018 4084
4015 4085
3410 4086
4016 4087
4012 4088
6276 4089
6275 4090
4011 4091
4014 4092
3430 4093
3431 4094
6273 4095
4010 4096
6278 4097
6277 4098
6272 4099
6271 4100
6270 4101
3429 4102
3426 4103
3425 4104
4009 4105
3428 4106
4004 4107
4005 4108
3421 4109
3424 4110
4006 4111
4007 4112
3423 4113
6260 4114
6266 4115
3442 4116
6262 4117
6263 4118
4003 4119
3440 4120
4000 4121
6265 4122
4001 4123
3435 4124
3432 4125
3433 4126
3438 4127
6259 4128
3439 4129
3436 4130
6250 4131
6257 4132
6258 4133
6255 4134
6256 4135
6253 4136
6254 4137
3450 4138
6251 4139
3453 4140
3445 4141
3446 4142
3447 4143
3449 4144
6249 4145
6248 4146
6240 4147
3464 4148
6241 4149
3463 4150
6243 4151
3461 4152
3460 4153
6244 4154
6245 4155
6247 4156
6238 4157
6237 4158
3458 4159
6239 4160
3456 4161
3454 4162
3455 4163
6231 4164
3472 4165
3475 4166
3474 4167
6235 4168
6236 4169
3471 4170
3470 4171
3469 4172
6229 4173
6228 4174
6227 4175
6226 4176
3465 4177
3468 4178
6204 4179
6205 4180
6206 4181
6207 4182
6208 4183
6209 4184
6210 4185
6212 4186
6211 4187
6214 4188
6213 4189
6215 4190
6219 4191
6221 4192
6220 4193
6224 4194
6223 4195
6222 4196
4097 4197
4096 4198
4095 4199
4099 4200
4090 4201
4094 4202
4093 4203
6203 4204
6202 4205
6201 4206
6200 4207
4071 4208
4072 4209
4077 4210
4075 4211
4080 4212
4081 4213
4082 4214
4083 4215
4089 4216
4085 4217
4086 4218
4087 4219
3501 4220
4049 4221
4048 4222
3504 4223
3505 4224
3502 4225
3503 4226
3508 4227
3509 4228
3506 4229
4051 4230
4052 4231
4056 4232
4059 4233
4060 4234
4062 4235
4063 4236
4064 4237
4065 4238
4067 4239
4068 4240
4069 4241
5168 4242
5167 4243
5164 4244
5165 4245
5163 4246
5160 4247
5161 4248
5159 4249
5178 4250
5179 4251
5173 4252
5174 4253
5176 4254
5170 4255
5142 4256
5143 4257
5140 4258
5146 4259
5144 4260
5145 4261
5139 4262
5138 4263
5137 4264
5152 4265
5153 4266
5155 4267
5156 4268
5158 4269
5150 4270
5149 4271
5148 4272
5183 4273
5182 4274
5187 4275
5186 4276
5185 4277
5189 4278
5188 4279
5190 4280
5192 4281
5191 4282
5193 4283
5196 4284
5195 4285
5198 4286
5199 4287
2008 4288
7206 4289
7208 4290
2006 4291
2007 4292
7207 4293
2004 4294
7209 4295
2002 4296
2003 4297
7210 4298
7211 4299
7215 4300
2017 4301
2019 4302
2013 4303
2014 4304
2015 4305
2016 4306
2020 4307
2023 4308
2022 4309
7203 4310
7204 4311
7201 4312
7202 4313
3598 4314
3597 4315
3599 4316
7228 4317
7227 4318
7229 4319
7234 4320
7235 4321
7236 4322
7230 4323
7232 4324
7233 4325
7219 4326
7218 4327
7217 4328
7216 4329
7225 4330
7226 4331
7224 4332
7221 4333
7222 4334
2000 4335
7220 4336
7253 4337
7252 4338
7255 4339
7254 4340
7251 4341
7250 4342
7238 4343
7239 4344
6196 4345
7244 4346
6197 4347
7243 4348
7242 4349
6198 4350
6199 4351
7241 4352
7248 4353
7247 4354
7245 4355
6190 4356
6191 4357
6192 4358
6194 4359
5007 4360
5008 4361
5005 4362
5006 4363
5009 4364
5011 4365
5014 4366
5002 4367
5001 4368
5004 4369
5003 4370
2090 4371
2091 4372
6160 4373
6162 4374
6164 4375
2098 4376
2097 4377
6163 4378
6166 4379
2099 4380
6168 4381
2094 4382
2093 4383
6167 4384
2096 4385
2095 4386
6169 4387
3538 4388
3537 4389
3536 4390
3535 4391
3532 4392
3531 4393
3539 4394
6151 4395
6150 4396
6155 4397
3550 4398
6153 4399
3552 4400
6159 4401
6157 4402
6156 4403
3546 4404
6149 4405
3548 4406
3543 4407
3542 4408
3545 4409
3544 4410
6182 4411
6181 4412
6184 4413
6183 4414
6180 4415
2072 4416
6189 4417
2073 4418
2076 4419
2075 4420
6185 4421
6188 4422
2077 4423
3512 4424
2068 4425
3511 4426
2069 4427
3510 4428
3516 4429
3515 4430
3513 4431
3519 4432
3517 4433
6173 4434
6171 4435
6170 4436
2080 4437
2085 4438
2084 4439
6179 4440
2083 4441
2082 4442
6178 4443
2089 4444
6176 4445
2088 4446
2087 4447
6175 4448
2086 4449
6174 4450
3521 4451
3520 4452
2079 4453
3523 4454
3524 4455
3527 4456
3526 4457
3529 4458
3528 4459
2053 4460
3585 4461
2054 4462
3584 4463
6120 4464
2055 4465
3583 4466
2056 4467
6123 4468
3581 4469
6124 4470
2050 4471
3580 4472
2051 4473
2052 4474
6126 4475
6117 4476
6116 4477
3579 4478
6119 4479
6118 4480
2047 4481
2046 4482
3578 4483
2049 4484
3575 4485
3576 4486
2048 4487
6110 4488
3593 4489
2064 4490
3596 4491
3595 4492
2065 4493
6114 4494
3590 4495
6115 4496
3592 4497
2060 4498
6112 4499
2061 4500
6108 4501
6107 4502
6106 4503
6105 4504
3586 4505
2059 4506
3587 4507
2058 4508
3589 4509
6109 4510
2057 4511
6145 4512
6146 4513
6147 4514
6148 4515
2030 4516
6141 4517
3562 4518
2032 4519
6142 4520
3561 4521
6144 4522
2034 4523
3555 4524
2025 4525
3556 4526
6139 4527
2029 4528
3559 4529
6138 4530
2028 4531
3557 4532
3558 4533
6137 4534
2041 4535
6134 4536
6135 4537
6132 4538
3572 4539
2044 4540
6133 4541
6130 4542
3574 4543
3573 4544
2043 4545
3564 4546
2038 4547
3565 4548
2037 4549
2036 4550
3566 4551
3567 4552
2035 4553
3568 4554
3569 4555
6128 4556
2039 4557
6127 4558
6100 4559
6104 4560
6102 4561
6101 4562
3629 4563
3627 4564
3628 4565
3621 4566
3622 4567
3620 4568
3626 4569
3623 4570
3616 4571
3617 4572
3618 4573
3610 4574
3611 4575
3612 4576
3613 4577
3614 4578
3615 4579
3609 4580
3608 4581
3606 4582
3603 4583
3601 4584
3602 4585
5021 4586
5022 4587
5025 4588
5026 4589
5019 4590
5018 4591
5017 4592
5030 4593
5031 4594
5032 4595
5033 4596
5034 4597
5035 4598
5028 4599
5027 4600
5029 4601
5048 4602
5043 4603
5044 4604
5041 4605
5039 4606
5038 4607
5050 4608
5051 4609
5057 4610
5059 4611
5052 4612
5053 4613
5055 4614
5049 4615
5066 4616
5065 4617
5064 4618
5063 4619
5069 4620
5068 4621
5067 4622
5062 4623
5061 4624
5060 4625
5074 4626
5077 4627
5076 4628
5078 4629
5070 4630
5072 4631
5089 4632
5086 4633
5085 4634
5083 4635
5082 4636
5081 4637
5097 4638
5096 4639
5099 4640
5093 4641
5095 4642
5094 4643
5091 4644
5090 4645
6491 4646
6497 4647
6496 4648
6495 4649
6469 4650
6470 4651
6474 4652
6473 4653
6472 4654
6471 4655
6475 4656
6479 4657
6481 4658
6480 4659
6483 4660
6482 4661
6485 4662
6484 4663
6487 4664
6486 4665
6489 4666
3680 4667
3684 4668
3681 4669
3682 4670
3676 4671
3675 4672
3693 4673
3695 4674
3686 4675
3685 4676
3688 4677
3687 4678
3698 4679
3696 4680
3640 4681
3638 4682
3639 4683
3632 4684
3633 4685
3630 4686
3631 4687
3636 4688
3637 4689
3634 4690
3635 4691
3651 4692
3650 4693
3649 4694
3643 4695
3644 4696
3645 4697
3646 4698
3648 4699
3661 4700
3658 4701
3656 4702
3657 4703
3654 4704
3655 4705
3652 4706
3653 4707
3670 4708
3673 4709
3669 4710
3663 4711
3664 4712
3665 4713
3666 4714
3725 4715
3724 4716
3722 4717
3720 4718
3729 4719
3728 4720
3727 4721
3712 4722
3711 4723
3714 4724
3710 4725
3716 4726
3715 4727
3718 4728
3717 4729
3743 4730
3740 4731
3747 4732
3746 4733
3745 4734
3744 4735
3749 4736
3750 4737
3732 4738
3731 4739
3734 4740
3736 4741
3738 4742
3737 4743
3739 4744
3706 4745
3707 4746
3704 4747
3705 4748
3708 4749
3709 4750
3702 4751
3703 4752
3701 4753
6423 4754
6422 4755
6415 4756
6416 4757
6413 4758
6417 4759
6418 4760
6410 4761
6411 4762
6403 4763
6405 4764
6407 4765
6408 4766
6409 4767
6400 4768
6462 4769
6460 4770
6467 4771
6464 4772
6465 4773
6459 4774
6457 4775
6451 4776
6452 4777
6453 4778
6454 4779
6455 4780
6456 4781
6447 4782
6446 4783
6449 4784
6444 4785
6445 4786
6442 4787
6443 4788
6440 4789
6441 4790
6439 4791
6436 4792
6435 4793
6431 4794
6432 4795
6433 4796
6434 4797
6430 4798
6429 4799
6428 4800
6425 4801
6424 4802
6427 4803
6426 4804
6347 4805
159 4806
158 4807
157 4808
155 4809
6353 4810
6352 4811
150 4812
6351 4813
6350 4814
151 4815
6356 4816
6354 4817
6358 4818
169 4819
6359 4820
166 4821
165 4822
168 4823
167 4824
6362 4825
6361 4826
162 4827
6364 4828
163 4829
6363 4830
164 4831
6366 4832
6365 4833
6368 4834
160 4835
6367 4836
6360 4837
179 4838
6369 4839
170 4840
6379 4841
6378 4842
171 4843
6377 4844
6376 4845
6375 4846
175 4847
6374 4848
6373 4849
172 4850
173 4851
6370 4852
188 4853
189 4854
6388 4855
180 4856
6387 4857
181 4858
182 4859
6389 4860
6384 4861
183 4862
6383 4863
185 4864
186 4865
6380 4866
6382 4867
6381 4868
117 4869
114 4870
115 4871
113 4872
111 4873
118 4874
119 4875
6392 4876
6393 4877
6391 4878
6396 4879
6394 4880
6395 4881
6398 4882
6399 4883
125 4884
126 4885
127 4886
128 4887
121 4888
122 4889
123 4890
124 4891
120 4892
134 4893
135 4894
132 4895
138 4896
139 4897
136 4898
137 4899
131 4900
130 4901
143 4902
144 4903
145 4904
148 4905
149 4906
140 4907
142 4908
141 4909
3798 4910
3796 4911
3795 4912
3799 4913
195 4914
3783 4915
194 4916
197 4917
3781 4918
196 4919
190 4920
3779 4921
3777 4922
3778 4923
3775 4924
198 4925
3776 4926
199 4927
3773 4928
3792 4929
3794 4930
3790 4931
3788 4932
3789 4933
3785 4934
3786 4935
3787 4936
3760 4937
3753 4938
3751 4939
3752 4940
3758 4941
3755 4942
3759 4943
3770 4944
3772 4945
3771 4946
3762 4947
3763 4948
3764 4949
3765 4950
3766 4951
3767 4952
3768 4953
3769 4954
3869 4955
3863 4956
3862 4957
3861 4958
3868 4959
3866 4960
3870 4961
3871 4962
3859 4963
3858 4964
3851 4965
3850 4966
3853 4967
3852 4968
3855 4969
3854 4970
3857 4971
3856 4972
3860 4973
3849 4974
3848 4975
3847 4976
3844 4977
3843 4978
3841 4979
3840 4980
3837 4981
3836 4982
3839 4983
3833 4984
3832 4985
3835 4986
3831 4987
3830 4988
3820 4989
3823 4990
3824 4991
3821 4992
3827 4993
3828 4994
3829 4995
3810 4996
3811 4997
3812 4998
3814 4999
3815 5000
3816 5001
3817 5002
3818 5003
3819 5004
3801 5005
3802 5006
3800 5007
3809 5008
3807 5009
3808 5010
3805 5011
3806 5012
3803 5013
3804 5014
6302 5015
6301 5016
107 5017
106 5018
105 5019
104 5020
103 5021
101 5022
100 5023
6324 5024
6321 5025
6322 5026
6320 5027
6317 5028
6316 5029
6315 5030
6314 5031
6310 5032
6311 5033
6313 5034
6308 5035
6309 5036
6304 5037
6303 5038
6342 5039
6340 5040
6345 5041
6343 5042
6344 5043
6339 5044
6337 5045
6336 5046
6330 5047
6331 5048
6332 5049
6333 5050
6334 5051
6335 5052
6325 5053
6328 5054
6327 5055
6329 5056
4971 5057
4970 5058
4963 5059
4961 5060
4962 5061
4967 5062
4968 5063
4965 5064
4966 5065
4969 5066
4980 5067
4982 5068
4981 5069
4972 5070
4973 5071
4974 5072
4975 5073
4977 5074
4978 5075
4993 5076
4992 5077
4991 5078
4990 5079
4989 5080
4987 5081
4985 5082
4986 5083
4984 5084
4998 5085
4999 5086
4994 5087
4995 5088
4996 5089
3874 5090
3005 5091
3006 5092
3875 5093
3872 5094
3003 5095
3004 5096
3873 5097
3009 5098
3878 5099
3879 5100
3007 5101
3876 5102
3008 5103
3877 5104
3882 5105
3013 5106
3881 5107
3012 5108
3880 5109
3011 5110
3010 5111
3883 5112
3884 5113
3885 5114
3886 5115
3888 5116
3889 5117
3000 5118
3890 5119
3002 5120
3893 5121
3001 5122
3892 5123
3898 5124
3029 5125
3899 5126
3027 5127
3897 5128
3028 5129
3894 5130
3025 5131
3026 5132
3035 5133
3034 5134
3033 5135
3032 5136
3031 5137
3018 5138
3019 5139
3016 5140
3023 5141
3020 5142
3049 5143
3048 5144
3052 5145
3053 5146
3056 5147
3057 5148
3054 5149
3055 5150
3037 5151
3036 5152
3039 5153
3038 5154
3040 5155
3041 5156
3043 5157
3045 5158
3046 5159
3069 5160
3070 5161
3071 5162
3078 5163
3079 5164
3074 5165
3075 5166
3072 5167
3073 5168
3059 5169
3058 5170
3060 5171
3065 5172
3067 5173
3068 5174
3062 5175
3063 5176
3064 5177
3088 5178
3087 5179
3086 5180
3085 5181
3084 5182
6621 5183
3083 5184
3082 5185
3080 5186
6619 5187
3928 5188
3929 5189
3926 5190
3927 5191
6612 5192
3922 5193
3923 5194
3920 5195
6614 5196
6613 5197
3921 5198
6616 5199
6615 5200
6618 5201
6617 5202
3099 5203
3098 5204
3095 5205
3094 5206
6610 5207
3097 5208
3096 5209
3091 5210
3090 5211
3093 5212
3917 5213
3918 5214
3919 5215
6608 5216
3913 5217
3914 5218
3916 5219
6603 5220
6602 5221
3910 5222
6601 5223
3911 5224
3912 5225
6606 5226
6604 5227
3948 5228
3949 5229
3946 5230
3947 5231
3940 5232
3944 5233
3942 5234
3943 5235
3935 5236
3936 5237
3937 5238
3938 5239
3931 5240
3932 5241
3933 5242
3934 5243
3967 5244
3965 5245
3964 5246
3963 5247
3962 5248
3961 5249
3960 5250
3954 5251
3953 5252
3956 5253
3955 5254
3952 5255
3951 5256
3958 5257
3957 5258
3959 5259
3992 5260
3990 5261
3985 5262
3984 5263
3983 5264
3986 5265
3980 5266
3981 5267
3972 5268
3971 5269
3974 5270
3973 5271
3975 5272
3978 5273
3977 5274
3979 5275
6688 5276
6691 5277
6693 5278
6694 5279
6695 5280
6697 5281
6698 5282
6690 5283
6678 5284
6686 5285
6684 5286
6683 5287
6680 5288
6681 5289
6666 5290
6669 5291
6673 5292
6674 5293
6675 5294
6676 5295
6671 5296
6672 5297
6657 5298
6658 5299
6655 5300
6656 5301
6659 5302
6660 5303
6665 5304
6664 5305
6663 5306
6662 5307
6644 5308
6647 5309
6649 5310
6650 5311
6652 5312
6651 5313
6654 5314
6639 5315
6637 5316
6638 5317
3901 5318
6633 5319
6634 5320
3902 5321
3904 5322
3907 5323
3906 5324
3908 5325
6643 5326
6640 5327
6627 5328
6628 5329
6629 5330
6622 5331
6623 5332
6624 5333
6625 5334
6631 5335
6595 5336
3110 5337
3111 5338
3112 5339
6599 5340
6598 5341
6597 5342
6596 5343
6591 5344
6590 5345
6589 5346
3103 5347
3105 5348
3104 5349
3100 5350
3101 5351
3148 5352
3146 5353
3156 5354
3155 5355
3154 5356
3153 5357
3152 5358
3151 5359
3150 5360
3135 5361
3136 5362
3137 5363
3138 5364
3143 5365
3142 5366
3144 5367
3141 5368
3995 5369
3127 5370
3996 5371
3124 5372
3994 5373
3999 5374
3997 5375
3129 5376
3998 5377
3130 5378
3134 5379
3133 5380
3132 5381
3113 5382
3114 5383
3115 5384
3116 5385
3117 5386
3118 5387
3119 5388
3121 5389
3120 5390
3123 5391
3122 5392
3199 5393
3197 5394
3198 5395
3195 5396
3196 5397
3193 5398
3194 5399
3192 5400
3190 5401
3179 5402
3187 5403
3188 5404
3189 5405
3182 5406
3183 5407
3184 5408
3185 5409
3180 5410
3181 5411
3169 5412
3168 5413
3173 5414
3178 5415
3176 5416
3158 5417
3157 5418
3159 5419
3160 5420
3161 5421
3163 5422
3164 5423
3165 5424
3167 5425
1970 5426
1971 5427
1972 5428
1973 5429
1974 5430
1976 5431
1977 5432
1979 5433
1990 5434
1983 5435
1980 5436
1981 5437
1986 5438
1987 5439
1984 5440
1988 5441
6500 5442
1995 5443
1996 5444
1998 5445
1991 5446
1994 5447
1999 5448
6559 5449
6557 5450
6556 5451
6565 5452
6566 5453
6563 5454
6564 5455
6561 5456
6562 5457
6560 5458
6549 5459
6546 5460
6548 5461
6547 5462
1900 5463
1902 5464
1903 5465
1904 5466
1905 5467
1906 5468
1907 5469
1909 5470
1908 5471
6552 5472
6553 5473
6554 5474
6555 5475
6550 5476
6551 5477
1910 5478
6579 5479
6578 5480
1917 5481
1916 5482
1914 5483
1911 5484
6580 5485
1919 5486
6584 5487
6581 5488
6588 5489
6585 5490
6586 5491
6567 5492
1920 5493
6569 5494
1921 5495
1926 5496
1927 5497
1928 5498
1929 5499
1923 5500
1924 5501
1925 5502
6570 5503
6571 5504
6574 5505
6575 5506
6576 5507
6577 5508
1936 5509
1935 5510
1934 5511
1933 5512
1938 5513
1937 5514
6518 5515
6519 5516
6516 5517
6514 5518
6515 5519
1931 5520
1930 5521
6512 5522
6513 5523
6522 5524
6521 5525
6520 5526
1945 5527
1944 5528
1947 5529
1946 5530
6509 5531
1948 5532
6505 5533
6506 5534
6507 5535
6501 5536
1941 5537
6502 5538
1940 5539
1943 5540
1942 5541
6504 5542
6511 5543
6510 5544
1956 5545
1955 5546
6536 5547
1953 5548
6537 5549
6534 5550
6535 5551
1951 5552
6538 5553
6539 5554
6540 5555
6543 5556
6542 5557
6541 5558
1966 5559
1969 5560
1968 5561
1963 5562
6523 5563
1962 5564
6524 5565
1965 5566
6525 5567
6526 5568
6527 5569
6528 5570
6529 5571
1961 5572
6531 5573
6533 5574
6532 5575

