143 0 8853
309 1 8854
185 2 8855
71 1 8856
301 1 8857
435 1 8858
8 1 8859
724 1 8860
550 1 8861
368 1 8862
336 1 8863
644 0 8864
471 0 8865
213 1 8866
4 1 8867
303 0 8868
453 0 8869
246 0 8870
180 1 8871
67 1 8872
148 1 8873
542 0 8874
606 1 8875
114 2 8876
189 0 8877
185 1 8878
113 1 8879
589 1 8880
7 1 8881
388 3 8882
220 3 8883
364 0 8884
104 1 8885
60 1 8886
201 0 8887
644 2 8888
410 1 8889
461 1 8890
139 0 8891
146 1 8892
522 1 8893
555 1 8894
604 0 8895
312 3 8883
150 3 8883
49 0 8896
605 0 8897
136 1 8898
506 1 8899
184 1 8900
669 1 8901
2 1 8902
153 0 8903
49 1 8904
713 0 8905
432 1 8906
296 1 8907
98 0 8908
598 1 8909
300 1 8910
600 1 8911
420 1 8912
468 0 8913
562 1 8914
6 1 8915
228 1 8916
74 3 8883
221 0 8917
211 1 8918
171 1 8919
32 1 8920
591 1 8921
506 0 8922
316 1 8923
174 0 8924
529 1 8925
612 1 8926
260 1 8927
473 3 8928
549 1 8929
43 0 8930
519 1 8931
139 1 8932
494 1 8933
152 1 8934
499 1 8935
197 1 8936
166 1 8873
283 1 8937
614 0 8938
3 0 8939
236 0 8940
70 3 8882
532 1 8941
51 1 8871
223 1 8942
453 1 8943
80 1 8944
699 1 8945
717 1 8946
263 1 8947
521 1 8948
304 1 8949
595 0 8950
492 1 8951
1 0 8952
437 0 8953
47 1 8919
240 0 8954
82 1 8955
365 1 8956
90 1 8957
327 1 8958
173 1 8901
268 1 8959
64 1 8906
157 1 8960
625 1 8904
398 1 8961
407 1 8925
349 3 8883
472 1 8962
217 0 8884
160 0 8963
449 0 8964
536 0 8965
205 1 8966
80 3 8883
323 2 8967
48 1 8904
634 1 8968
253 0 8969
531 1 8970
530 1 8971
405 1 8972
346 1 8973
285 1 8974
245 0 8975
179 2 8976
728 1 8977
627 1 8978
559 1 8979
599 3 8980
13 1 8981
335 1 8921
688 0 8982
447 1 8983
475 1 8984
206 0 8985
686 1 8986
61 2 8987
87 1 8866
471 1 8988
242 1 8989
557 1 8990
331 1 8991
174 1 8901
194 1 8992
528 1 8993
458 2 8994
224 0 8877
710 1 8995
487 1 8996
681 1 8997
339 3 8998
181 1 8999
382 0 9000
549 0 9001
130 1 9002
312 1 9003
247 1 8873
386 1 9004
220 1 9005
334 1 8863
348 1 9006
92 1 9007
573 1 9008
680 1 9009
364 1 9010
153 1 9011
685 1 9012
44 1 9013
404 3 8883
466 1 8956
713 1 9014
571 1 9015
175 1 9010
252 1 9016
711 1 9017
624 0 9018
306 1 9019
166 0 8897
727 1 9020
580 1 9021
337 1 9022
437 1 9023
499 0 9024
49 2 9025
125 1 9026
686 3 8883
627 3 8980
386 0 8853
270 1 9027
46 1 9028
332 0 9029
16 2 9030
390 0 9031
474 1 9032
84 1 8955
599 1 9033
179 1 9034
66 1 8904
514 1 9035
522 0 9036
469 0 9037
530 1 9038
477 1 9039
586 1 9040
715 1 9041
388 0 9042
189 1 9043
505 0 8903
687 1 9044
507 1 8931
629 0 9045
651 1 9046
454 1 9047
269 1 9048
438 1 9049
449 3 9050
327 0 9051
649 0 9052
376 1 9053
358 1 9054
388 1 9055
639 1 9003
32 0 8940
125 0 9056
430 1 9057
170 1 9058
41 1 9059
134 1 8873
307 1 9060
677 1 9061
444 1 9009
247 3 8882
104 0 8884
561 3 8928
602 3 8980
660 0 9051
38 1 9005
528 3 9062
145 1 9063
393 1 9064
225 1 9065
127 0 9066
512 1 8959
510 1 9067
345 0 9068
192 1 9069
587 1 9070
62 1 9071
100 1 9072
37 1 9073
115 1 9074
78 0 9075
229 1 9013
195 0 8884
558 1 8931
262 1 9076
594 1 9077
630 1 9078
499 3 9079
310 1 9080
291 1 9081
527 0 9082
106 1 9083
427 0 9082
483 1 8925
265 0 8897
280 1 9084
669 0 8913
646 1 9085
190 1 9086
445 0 9087
420 0 8877
616 1 9088
347 0 9089
65 1 8990
694 0 9082
533 1 9090
73 1 9059
10 1 8858
685 0 9091
645 1 8997
412 1 9092
691 0 9082
369 3 8882
634 0 9093
166 3 8882
264 1 9094
416 1 8858
235 1 9095
411 0 9096
373 1 9097
553 1 9098
687 0 9099
259 1 9081
66 0 9100
178 3 8998
55 1 8968
28 1 9101
424 1 8968
100 0 8884
708 1 9102
655 1 8871
114 0 9103
181 0 8985
640 1 9104
373 3 8883
19 1 9105
20 1 9106
429 1 8906
468 1 9107
629 1 9108
674 1 9109
272 1 9110
374 0 9111
294 1 9081
62 0 9112
121 0 9113
479 1 9114
384 1 9115
287 0 8913
215 0 8954
439 1 8867
216 1 9116
43 1 9005
436 1 9117
726 1 8918
34 1 9118
53 1 8906
597 1 8960
369 1 8862
488 1 9119
497 2 9120
126 1 8951
457 1 8992
276 1 8904
459 0 9089
459 2 8994
588 0 9001
370 1 9121
575 1 9122
463 0 9123
178 0 8940
48 0 9124
222 1 9058
706 1 9125
70 3 9126
58 1 9127
160 2 9128
356 1 9129
406 1 9130
183 1 8906
400 0 8884
558 0 8884
653 0 8903
279 1 9127
520 1 8931
196 1 9131
607 0 9132
519 0 8940
408 1 9133
71 0 9134
458 1 9135
445 1 9136
176 1 9137
180 3 8882
224 1 8899
267 1 9138
66 2 9025
134 3 8980
431 1 8937
605 1 9139
267 0 9140
168 1 9127
39 1 8858
95 1 9141
579 1 9142
134 3 8883
300 0 8913
538 2 9143
322 1 8955
718 1 9144
274 0 9145
403 1 8996
625 2 9025
311 1 9101
150 1 9146
248 1 9147
180 0 9148
199 1 9149
79 1 8992
402 1 9150
250 0 9151
596 1 9152
344 1 8886
396 1 9153
392 1 8914
365 3 8980
434 1 8906
24 1 9154
588 1 8879
72 1 9155
298 1 8858
618 1 9156
161 1 9010
243 1 8951
385 1 9157
500 3 9158
313 1 9159
399 1 8961
508 1 9160
729 1 9161
287 1 9162
563 1 8959
200 1 9163
135 3 8883
257 1 8974
675 1 9164
698 1 9165
28 0 9166
96 1 9141
354 1 9167
727 0 8877
464 0 9168
93 1 8914
418 1 9043
697 3 9079
697 0 9169
415 0 9170
124 1 8974
695 1 9085
722 3 8980
4 0 9171
63 1 9172
437 3 8998
525 1 9173
668 1 9174
568 1 9175
528 0 9176
73 1 9065
720 1 9177
89 1 9026
335 0 9178
578 1 8906
552 1 9179
104 3 9062
117 1 9117
36 1 9180
381 1 9181
659 1 9182
595 1 9183
362 0 8913
179 0 8884
667 1 9184
470 1 8988
614 1 9185
338 1 8915
469 1 8861
108 1 9186
109 1 9187
693 0 9188
684 1 9065
619 1 9189
503 1 9190
326 1 8878
612 0 8985
613 0 9068
592 1 8937
293 1 9081
9 1 9191
496 2 9120
151 1 9192
321 1 9193
367 1 9194
18 1 9009
725 1 9195
499 1 9196
714 1 9197
38 3 8883
40 1 9092
694 1 9197
57 1 9198
667 0 9199
505 1 9200
379 1 9201
303 1 9202
417 1 9203
42 0 9091
389 1 9204
28 1 9197
102 1 9065
173 0 8908
470 0 9099
719 1 9205
70 1 9206
711 3 9079
375 1 9097
497 0 9207
153 3 9050
81 0 9208
544 1 9209
343 1 9117
456 1 9210
542 1 9211
459 1 9135
500 1 9212
489 1 8858
254 1 9213
534 1 8886
141 0 9214
151 0 9215
463 3 8883
54 1 9216
56 1 9078
277 1 8919
451 1 9217
603 1 9154
325 1 9117
378 1 9218
721 1 8857
613 1 9197
193 1 9090
473 1 9219
143 1 9220
433 1 8906
643 0 9221
700 1 9222
357 1 9223
5 1 9224
539 1 9225
288 1 9009
319 1 9065
585 1 9009
426 1 9226
541 1 8912
539 3 9227
620 1 9228
574 1 9218
362 1 9229
292 1 9081
157 2 9230
92 0 8903
74 1 9231
712 1 9232
455 1 9233
297 1 9234
636 0 8954
610 1 9004
187 0 8870
413 1 9235
246 1 8901
424 0 9236
197 0 9237
679 1 9122
30 1 9238
110 1 9239
547 1 9240
648 1 9241
661 0 9068
89 0 9242
419 0 8913
421 1 9243
626 0 9082
24 0 8897
75 1 9125
295 1 9244
506 2 9120
113 0 8903
342 1 9245
653 3 9062
375 0 9246
328 1 9247
339 1 9248
172 0 9249
352 1 9247
277 1 9250
111 1 9251
450 0 9082
186 1 9009
218 0 9252
623 1 9127
212 1 9253
78 3 8980
341 1 8858
480 1 9114
468 3 9227
515 1 9254
442 1 9255
314 1 9009
728 0 9256
134 0 9068
377 1 9078
611 1 8937
271 3 9126
425 1 9257
214 0 9258
666 1 9259
678 1 8997
647 1 9260
142 1 9261
218 1 9186
423 1 8906
224 2 9120
302 1 9262
642 1 9263
546 3 9050
347 1 9264
35 1 8981
266 1 9265
48 2 9025
729 0 8908
714 1 9183
658 1 8931
94 1 8858
652 1 9266
128 1 9267
6 0 9001
26 0 9268
530 0 9269
408 0 9270
545 1 9271
17 1 8919
253 1 9272
138 1 9273
148 0 8924
701 1 9209
701 0 9274
493 0 8924
604 1 9275
329 1 9086
69 0 8870
323 1 9055
23 0 8982
125 2 8888
485 1 8951
401 1 9276
361 1 9277
705 1 9278
225 1 9240
581 1 9279
157 0 9280
628 1 9110
22 0 9281
299 1 8919
609 1 9282
386 3 9283
439 0 8903
593 1 9284
464 1 9285
227 1 9286
71 1 9287
313 0 8953
656 1 8899
653 1 9173
637 1 9002
16 0 9288
7 0 8853
615 0 9289
495 1 9190
147 1 8892
169 1 9203
323 0 9290
75 0 9291
467 1 9032
707 1 9292
643 2 8888
440 1 9010
88 3 9293
650 1 9190
635 1 8968
320 1 9065
97 1 9294
204 0 9295
527 1 8866
378 0 9296
504 1 9292
709 1 9297
15 1 8900
89 2 8888
631 1 9298
72 0 9249
484 1 9081
241 1 9299
441 1 9300
220 2 9301
0 1 9302
255 1 9303
171 1 9304
202 1 9009
674 0 9305
338 0 9306
214 1 8866
195 1 9307
312 0 9308
120 1 9309
277 0 9310
374 1 9097
22 1 9218
250 1 9311
149 1 9125
106 3 8882
564 1 9312
38 0 8897
511 0 9313
260 0 9314
289 1 9315
502 1 9316
496 1 8899
501 1 9317
354 0 8884
123 1 9039
121 1 9318
222 0 8884
244 1 8951
636 1 8958
363 1 9319
204 1 9320
207 1 8858
141 1 9218
704 1 9009
12 1 9321
163 1 9322
122 3 8998
55 0 9323
726 0 9324
115 3 9079
226 0 9001
516 1 9325
437 2 9326
632 1 9327
524 1 9328
132 1 8906
577 1 9329
282 1 9186
399 0 9330
112 1 9331
538 1 8961
234 0 8853
326 2 8855
404 1 9005
497 1 8899
690 1 9332
237 1 9319
572 0 9068
655 0 9333
602 3 8883
1 1 9334
583 1 9335
703 1 9336
398 0 9337
21 1 9338
478 1 9081
76 1 9339
140 1 8914
51 0 9340
234 1 9016
688 1 9341
353 1 9342
171 3 8980
99 1 9343
387 1 9344
240 1 8873
217 1 9345
711 0 9346
602 1 8956
360 1 9347
172 3 8883
233 1 8909
318 1 9348
476 1 9349
542 3 9227
256 0 9350
88 1 9259
156 1 9351
597 0 9352
411 1 9209
232 1 9010
608 0 9353
556 1 9354
481 1 9355
52 1 9054
544 0 8897
521 0 9356
448 1 9309
686 0 9357
131 1 8909
714 0 8922
133 1 9129
271 1 9125
14 1 9086
231 1 9358
101 1 9065
601 1 9005
460 1 9359
539 0 8922
722 1 9360
603 0 9361
265 3 8883
415 1 8858
682 1 8937
663 0 8953
129 1 9121
671 1 9362
234 2 9363
716 1 9364
70 0 8905
68 1 8925
116 0 8853
566 0 9365
16 1 8901
135 1 9366
208 0 9367
450 1 9368
635 0 9369
639 3 8883
289 0 9068
409 1 9370
513 0 8924
566 1 8893
624 1 9371
317 0 8897
208 1 9372
61 1 9373
359 1 9374
570 1 9375
187 1 9245
118 1 9117
548 3 8980
69 1 9376
730 1 9377
569 1 9220
191 1 8873
572 1 9378
702 1 9379
618 0 9066
582 0 9380
665 0 9381
382 1 9382
113 2 9383
46 0 9384
355 1 9260
390 1 9385
546 1 9354
526 1 9190
498 1 9108
427 1 9065
554 1 9386
509 1 9387
331 0 9082
116 1 9040
43 3 8883
350 1 9388
359 0 9066
328 0 9389
88 0 9258
27 1 9390
625 0 9391
262 0 8884
349 0 9392
346 0 9082
381 0 9393
550 0 8903
127 1 9394
654 0 8903
50 1 8906
412 0 9395
210 1 9396
641 0 9397
156 0 9045
443 1 9058
308 1 8879
689 1 9398
19 0 9289
219 1 8918
379 0 9399
188 0 8969
203 0 9400
284 1 9401
278 1 9402
664 1 9339
413 0 9289
693 1 9403
59 1 9404
665 1 9209
258 1 9405
25 1 9401
105 1 9406
345 1 8858
292 0 9407
372 1 9317
11 1 9408
103 1 9065
289 1 9375
317 1 9409
654 1 9065
274 1 9410
482 1 9251
333 1 9411
584 1 8909
263 0 9412
513 1 9413
276 2 9025
615 1 9414
565 1 9415
562 3 8980
402 0 8985
366 1 8956
536 1 9416
122 1 9417
660 1 8918
159 1 8910
268 0 9418
144 2 9419
238 1 9420
394 1 9317
486 1 8956
181 2 9421
395 1 9422
419 1 9423
182 1 9424
662 1 9425
582 1 9335
493 1 8951
590 1 8918
332 1 9426
462 1 9427
235 0 8877
74 0 8903
532 0 8905
31 1 9428
674 1 9429
673 1 9430
561 1 9431
518 1 9432
617 1 9433
644 1 9026
33 1 9131
410 0 9434
643 1 9026
109 0 8853
666 0 8940
670 1 9435
158 1 9247
397 1 8951
78 1 9436
144 3 8883
496 0 9249
150 0 8903
30 3 9227
458 0 9437
641 1 9438
42 1 9439
657 1 9339
604 3 9227
177 1 9440
609 0 9441
198 1 9442
449 1 9443
61 0 9444
663 1 9445
383 1 9446
535 1 9447
595 1 9197
203 1 8926
597 2 9230
175 0 8870
676 1 9164
627 0 9448
191 0 9269
171 1 9250
126 0 9269
422 1 9449
178 1 9450
349 1 9451
331 1 9452
330 1 9453
304 0 9454
6 2 9455
155 1 9309
201 1 9456
465 1 8974
289 2 9457
694 2 9458
176 0 9066
107 1 9459
723 1 9460
540 1 9127
174 2 9030
119 0 9249
137 0 8908
251 1 9461
137 1 9462
371 1 9463
380 0 8922
543 1 9317
165 1 9464
567 1 9465
621 1 9009
560 1 9078
626 1 8931
248 0 9466
246 2 9467
154 1 9468
490 1 9469
70 2 9470
599 0 9068
108 0 8884
273 1 9110
400 1 8931
340 1 9468
352 0 8853
691 1 9139
570 0 9471
149 0 9434
258 0 9472
232 0 8913
360 3 9227
265 1 9005
167 1 8906
3 1 8858
249 1 8925
276 0 9473
351 1 9027
290 1 9081
452 1 8944
281 0 9474
305 1 9475
696 1 9476
405 0 9477
476 0 8922
607 1 9282
583 0 9478
114 1 9218
239 1 9479
21 0 8924
5 3 8998
245 1 9084
446 1 9480
220 0 9392
77 1 9481
26 1 9101
164 1 8858
142 0 9482
206 1 9483
29 1 8951
428 0 9484
362 3 9227
160 1 9485
672 1 8867
520 0 8908
661 1 9486
277 2 9487
523 1 8909
144 0 9488
41 0 9489
106 0 9490
391 1 9491
339 0 8896
281 1 9492
86 1 9267
188 1 9436
162 1 9119
7 3 8998
622 1 9493
547 1 9065
517 1 9494
624 3 8998
135 0 9068
339 3 9227
658 0 9068
463 1 9003
537 1 9495
209 1 9496
30 0 9497
346 2 9498
655 2 9499
256 1 9500
638 1 9122
414 1 8981
491 1 9127
73 0 8905
324 1 9501
692 1 9502
215 1 8866
561 0 8922
428 1 9503
599 1 9375
85 1 9504
189 2 9505
315 1 9009
91 1 9506
80 0 8913
712 1 9507
538 0 9508
236 1 9509
261 1 9224
43 2 9301
242 3 9227
171 2 9487
633 1 9510
45 1 9511
144 1 9512
697 1 9513
23 1 9514
548 1 9515
275 1 9516
711 1 9517
230 1 9518
451 0 9068
670 0 9068
390 2 9519
683 1 8937
83 1 8955
98 1 9520
709 0 9521
551 1 9522
649 1 8901
221 1 9481
81 1 9523
499 1 9524
576 1 8858
137 1 9525
99 0 9249
286 1 9502
