org_id remap_id
276847 0
276964 1
277042 2
277157 3
277195 4
277203 5
277378 6
277427 7
277439 8
277478 9
277523 10
277623 11
277629 12
277639 13
277710 14
277744 15
277873 16
277922 17
277928 18
277937 19
277945 20
277959 21
277965 22
278007 23
278026 24
278137 25
278188 26
278194 27
278202 28
278221 29
278356 30
278390 31
278418 32
278522 33
278535 34
278554 35
278582 36
278633 37
278843 38
114 39
243 40
244 41
254 42
388 43
503 44
505 45
507 46
638 47
643 48
651 49
709 50
805 51
882 52
929 53
1025 54
1075 55
1131 56
1155 57
1167 58
1211 59
1248 60
1409 61
1412 62
1424 63
1435 64
1548 65
1585 66
1660 67
1674 68
1733 69
1848 70
1903 71
2010 72
2012 73
2030 74
2033 75
2110 76
2139 77
2179 78
2276 79
2287 80
2288 81
2313 82
2337 83
2358 84
2437 85
2766 86
2891 87
2977 88
3106 89
3145 90
3167 91
3282 92
3329 93
3331 94
3344 95
3346 96
3363 97
3371 98
3373 99
3556 100
3578 101
3594 102
3640 103
3719 104
3817 105
3827 106
3840 107
3917 108
3923 109
4017 110
4091 111
4092 112
4098 113
4157 114
4197 115
4221 116
4334 117
4385 118
4483 119
4600 120
4622 121
4785 122
4795 123
4809 124
4938 125
5037 126
5209 127
5331 128
5385 129
5439 130
5476 131
5499 132
5539 133
5543 134
5582 135
5665 136
5728 137
5741 138
5815 139
5899 140
5903 141
5963 142
6073 143
6115 144
6238 145
6242 146
6251 147
6323 148
6333 149
6345 150
6431 151
6532 152
6537 153
6543 154
6563 155
6564 156
6566 157
6575 158
6577 159
6611 160
6662 161
6679 162
6769 163
6772 164
6781 165
6789 166
6865 167
7082 168
7105 169
7125 170
7134 171
7158 172
7210 173
7283 174
7286 175
7312 176
7346 177
7352 178
7371 179
7569 180
7620 181
7809 182
7841 183
7860 184
7864 185
7887 186
7913 187
7915 188
7958 189
8019 190
8066 191
8067 192
8089 193
8095 194
8187 195
8188 196
8234 197
8245 198
8253 199
8255 200
8284 201
8323 202
8362 203
8454 204
8487 205
8529 206
8570 207
8680 208
8681 209
8695 210
8734 211
8782 212
8801 213
8864 214
8870 215
8872 216
8930 217
8935 218
8936 219
8937 220
8971 221
9094 222
9139 223
9177 224
9226 225
9227 226
9313 227
9343 228
9354 229
9381 230
9417 231
9454 232
9568 233
9574 234
9613 235
9747 236
9856 237
9908 238
10030 239
10118 240
10199 241
10241 242
10314 243
10315 244
10354 245
10447 246
10532 247
10560 248
10607 249
10668 250
10819 251
10946 252
10949 253
11070 254
11120 255
11179 256
11224 257
11245 258
11362 259
11400 260
11529 261
11532 262
11601 263
11621 264
11629 265
11638 266
11657 267
11676 268
11687 269
11708 270
11718 271
11724 272
11788 273
11832 274
11916 275
11944 276
11993 277
12100 278
12123 279
12154 280
12194 281
12202 282
12272 283
12316 284
12348 285
12515 286
12538 287
12569 288
12619 289
12698 290
12702 291
12707 292
12784 293
12824 294
12835 295
12863 296
12917 297
12982 298
13080 299
13082 300
13093 301
13094 302
13126 303
13221 304
13273 305
13279 306
13331 307
13518 308
13551 309
13552 310
13582 311
13600 312
13604 313
13664 314
13666 315
13733 316
13850 317
13973 318
13995 319
14049 320
14079 321
14180 322
14271 323
14374 324
14387 325
14393 326
14422 327
14456 328
14461 329
14521 330
14638 331
14667 332
14683 333
14698 334
14744 335
14768 336
14897 337
15021 338
15046 339
15049 340
15135 341
15144 342
15185 343
15408 344
15418 345
15497 346
15602 347
15651 348
15654 349
15670 350
15819 351
15834 352
15845 353
15945 354
15957 355
16009 356
16010 357
16036 358
16046 359
16106 360
16121 361
16155 362
16161 363
16231 364
16246 365
16263 366
16488 367
16504 368
16510 369
16545 370
16551 371
16599 372
16601 373
16634 374
16666 375
16713 376
16717 377
16718 378
16721 379
16730 380
16755 381
16777 382
16781 383
16795 384
16798 385
16818 386
16871 387
16876 388
16877 389
16908 390
16916 391
16943 392
16949 393
16966 394
16996 395
16999 396
17003 397
17046 398
17177 399
17183 400
17190 401
17233 402
17282 403
17402 404
17507 405
17596 406
17667 407
17761 408
17763 409
17859 410
17894 411
17906 412
17950 413
17970 414
18067 415
18082 416
18095 417
18096 418
18155 419
18172 420
18176 421
18203 422
18254 423
18311 424
18384 425
18395 426
18401 427
18439 428
18689 429
18979 430
19011 431
19018 432
19085 433
19107 434
19145 435
19233 436
19336 437
19362 438
19429 439
19493 440
19503 441
19570 442
19571 443
19573 444
19605 445
19659 446
19664 447
19681 448
19711 449
19760 450
19842 451
19972 452
19974 453
20005 454
20032 455
20034 456
20060 457
20106 458
20115 459
20119 460
20147 461
20149 462
20150 463
20172 464
20180 465
20201 466
20245 467
20250 468
20265 469
20336 470
20347 471
20388 472
20462 473
20484 474
20501 475
20561 476
20627 477
20629 478
20680 479
20703 480
20794 481
20946 482
20961 483
20971 484
21011 485
21014 486
21031 487
21049 488
21202 489
21207 490
21229 491
21252 492
21356 493
21364 494
21370 495
21404 496
21462 497
21484 498
21540 499
21576 500
21618 501
21659 502
21660 503
21875 504
21903 505
21912 506
22045 507
22062 508
22074 509
22089 510
22107 511
22167 512
22252 513
22338 514
22365 515
22464 516
22495 517
22503 518
22521 519
22625 520
22637 521
22695 522
22773 523
22813 524
22818 525
22830 526
22912 527
22936 528
22975 529
23020 530
23070 531
23128 532
23288 533
23459 534
23511 535
23547 536
23571 537
23582 538
23619 539
23624 540
23652 541
23659 542
23680 543
23699 544
23768 545
23771 546
23847 547
23871 548
23872 549
23902 550
23933 551
24105 552
24186 553
24194 554
24379 555
24391 556
24427 557
24433 558
24452 559
24525 560
24627 561
24641 562
24733 563
24778 564
24846 565
24878 566
24921 567
24933 568
24934 569
24995 570
25009 571
25103 572
25109 573
25131 574
25216 575
25225 576
25253 577
25395 578
25409 579
25410 580
25436 581
25533 582
25545 583
25583 584
25601 585
25700 586
25711 587
25804 588
25827 589
25850 590
25890 591
25919 592
25930 593
25966 594
25981 595
25996 596
26057 597
26084 598
26145 599
26182 600
26196 601
26240 602
26371 603
26374 604
26487 605
26516 606
26517 607
26521 608
26535 609
26538 610
26544 611
26553 612
26583 613
26593 614
26598 615
26620 616
26621 617
26624 618
26628 619
26664 620
26713 621
26756 622
26782 623
26813 624
26883 625
27091 626
27140 627
27169 628
27193 629
27204 630
27265 631
27313 632
27317 633
27329 634
27352 635
27383 636
27462 637
27472 638
27573 639
27617 640
27647 641
27684 642
27740 643
27812 644
27813 645
27821 646
27875 647
27888 648
27891 649
27947 650
28016 651
28076 652
28091 653
28096 654
28144 655
28150 656
28177 657
28204 658
28222 659
28255 660
28257 661
28289 662
28360 663
28448 664
28451 665
28454 666
28477 667
28523 668
28543 669
28591 670
28592 671
28594 672
28619 673
28634 674
28647 675
28666 676
28667 677
28700 678
28709 679
28731 680
28735 681
28820 682
28865 683
28899 684
28938 685
28945 686
29028 687
29056 688
29070 689
29094 690
29101 691
29204 692
29209 693
29259 694
29306 695
29419 696
29424 697
29497 698
29526 699
29539 700
29570 701
29789 702
29855 703
29867 704
29915 705
29974 706
30022 707
30029 708
30035 709
30052 710
30081 711
30120 712
30210 713
30245 714
30261 715
30273 716
30276 717
30290 718
30316 719
30319 720
30333 721
30385 722
30408 723
30445 724
30461 725
30487 726
30495 727
30511 728
30531 729
30533 730
30555 731
30594 732
30607 733
30645 734
30657 735
30711 736
30712 737
30716 738
30735 739
30749 740
30770 741
30806 742
30810 743
30824 744
30838 745
30854 746
30887 747
30898 748
30906 749
30939 750
30968 751
30972 752
30985 753
30989 754
30994 755
31006 756
31008 757
31040 758
31050 759
31094 760
31144 761
31158 762
31226 763
31229 764
31256 765
31308 766
31315 767
31343 768
31386 769
31391 770
31393 771
31412 772
31431 773
31446 774
31466 775
31468 776
31471 777
31556 778
31609 779
31652 780
31681 781
31688 782
31714 783
31740 784
31826 785
31846 786
31860 787
31900 788
31919 789
31948 790
32034 791
32087 792
32122 793
32148 794
32188 795
32195 796
32244 797
32250 798
32275 799
32329 800
32440 801
32444 802
32516 803
32569 804
32599 805
32627 806
32641 807
32721 808
32773 809
32802 810
32991 811
33036 812
33124 813
33179 814
33200 815
33264 816
33270 817
33283 818
33307 819
33319 820
33432 821
33461 822
33491 823
33517 824
33580 825
33614 826
33656 827
33681 828
33816 829
33818 830
33832 831
33862 832
33933 833
33958 834
33974 835
33980 836
33999 837
34075 838
34087 839
34115 840
34215 841
34300 842
34377 843
34501 844
34526 845
34588 846
34600 847
34636 848
34752 849
34801 850
34840 851
34932 852
34987 853
34988 854
35030 855
35050 856
35081 857
35144 858
35148 859
35179 860
35188 861
35233 862
35320 863
35407 864
35424 865
35433 866
35445 867
35704 868
35707 869
35718 870
35793 871
35826 872
35836 873
35841 874
35845 875
35857 876
35859 877
35865 878
35909 879
35918 880
35922 881
35925 882
35998 883
36003 884
36043 885
36103 886
36135 887
36141 888
36157 889
36256 890
36299 891
36307 892
36327 893
36357 894
36554 895
36562 896
36606 897
36609 898
36638 899
36673 900
36693 901
36715 902
36741 903
36749 904
36801 905
36807 906
36811 907
36817 908
36836 909
36839 910
36907 911
36938 912
36978 913
36992 914
37147 915
37168 916
37208 917
37227 918
37235 919
37239 920
37244 921
37293 922
37310 923
37311 924
37400 925
37426 926
37447 927
37493 928
37512 929
37527 930
37538 931
37556 932
37567 933
37571 934
37573 935
37584 936
37605 937
37623 938
37644 939
37691 940
37712 941
37790 942
37817 943
37822 944
37874 945
37950 946
37968 947
37974 948
37989 949
38023 950
38034 951
38091 952
38176 953
38250 954
38273 955
38281 956
38457 957
38464 958
38482 959
38544 960
38556 961
38590 962
38654 963
38660 964
38661 965
38679 966
38703 967
38718 968
38781 969
38802 970
38818 971
38887 972
38899 973
38904 974
38933 975
38950 976
38991 977
38995 978
39087 979
39159 980
39219 981
39227 982
39281 983
39284 984
39345 985
39353 986
39372 987
39374 988
39396 989
39441 990
39467 991
39502 992
39513 993
39616 994
39646 995
39662 996
39705 997
39773 998
39928 999
40052 1000
40110 1001
40222 1002
40299 1003
40330 1004
40415 1005
40466 1006
40505 1007
40511 1008
40553 1009
40612 1010
40640 1011
40772 1012
40795 1013
40796 1014
40798 1015
40838 1016
40888 1017
40889 1018
40914 1019
40922 1020
40943 1021
41058 1022
41080 1023
41084 1024
41086 1025
41088 1026
41111 1027
41123 1028
41177 1029
41245 1030
41364 1031
41395 1032
41403 1033
41425 1034
41449 1035
41450 1036
41455 1037
41589 1038
41596 1039
41634 1040
41676 1041
41700 1042
41718 1043
41757 1044
41760 1045
41781 1046
41841 1047
41854 1048
41911 1049
42024 1050
42093 1051
42099 1052
42323 1053
42372 1054
42408 1055
42410 1056
42419 1057
42450 1058
42458 1059
42466 1060
42573 1061
42597 1062
42611 1063
42651 1064
42730 1065
42780 1066
42798 1067
42847 1068
42883 1069
42902 1070
42914 1071
42948 1072
43004 1073
43006 1074
43021 1075
43093 1076
43157 1077
43163 1078
43246 1079
43282 1080
43359 1081
43418 1082
43436 1083
43481 1084
43595 1085
43619 1086
43626 1087
43639 1088
43678 1089
43687 1090
43698 1091
43806 1092
43807 1093
43842 1094
43850 1095
43852 1096
43901 1097
43910 1098
44089 1099
44252 1100
44295 1101
44296 1102
44297 1103
44389 1104
44467 1105
44472 1106
44535 1107
44595 1108
44611 1109
44663 1110
44727 1111
44728 1112
44756 1113
44837 1114
44842 1115
44845 1116
44852 1117
44893 1118
44925 1119
44932 1120
44985 1121
45042 1122
45064 1123
45068 1124
45078 1125
45107 1126
45113 1127
45119 1128
45184 1129
45230 1130
45255 1131
45315 1132
45340 1133
45383 1134
45391 1135
45416 1136
45418 1137
45471 1138
45557 1139
45564 1140
45911 1141
45987 1142
46099 1143
46145 1144
46154 1145
46197 1146
46258 1147
46269 1148
46293 1149
46295 1150
46350 1151
46389 1152
46398 1153
46417 1154
46443 1155
46461 1156
46541 1157
46671 1158
46892 1159
46907 1160
46909 1161
47050 1162
47117 1163
47118 1164
47127 1165
47128 1166
47152 1167
47276 1168
47279 1169
47316 1170
47512 1171
47594 1172
47609 1173
47779 1174
47793 1175
47807 1176
47856 1177
47925 1178
47971 1179
48025 1180
48037 1181
48046 1182
48213 1183
48217 1184
48268 1185
48355 1186
48382 1187
48494 1188
48579 1189
48630 1190
48743 1191
48753 1192
48911 1193
48929 1194
48975 1195
48995 1196
49061 1197
49109 1198
49154 1199
49155 1200
49212 1201
49225 1202
49262 1203
49277 1204
49289 1205
49300 1206
49314 1207
49324 1208
49392 1209
49422 1210
49423 1211
49460 1212
49526 1213
49683 1214
49753 1215
49771 1216
49792 1217
49842 1218
49889 1219
49900 1220
49980 1221
50073 1222
50098 1223
50129 1224
50130 1225
50141 1226
50143 1227
50193 1228
50204 1229
50205 1230
50225 1231
50504 1232
50526 1233
50539 1234
50612 1235
50615 1236
50650 1237
50681 1238
50730 1239
50749 1240
50823 1241
50849 1242
50859 1243
50895 1244
51071 1245
51100 1246
51207 1247
51252 1248
51350 1249
51359 1250
51364 1251
51365 1252
51386 1253
51403 1254
51450 1255
51511 1256
51526 1257
51559 1258
51589 1259
51627 1260
51663 1261
51665 1262
51742 1263
51803 1264
51805 1265
51826 1266
51856 1267
51883 1268
51992 1269
52002 1270
52011 1271
52021 1272
52044 1273
52141 1274
52159 1275
52175 1276
52199 1277
52293 1278
52350 1279
52425 1280
52472 1281
52521 1282
52532 1283
52584 1284
52614 1285
52670 1286
52807 1287
52851 1288
52853 1289
52887 1290
52917 1291
52994 1292
53042 1293
53069 1294
53140 1295
53174 1296
53220 1297
53241 1298
53256 1299
53265 1300
53278 1301
53304 1302
53365 1303
53392 1304
53408 1305
53414 1306
53418 1307
53456 1308
53515 1309
53520 1310
53575 1311
53590 1312
53605 1313
53614 1314
53628 1315
53663 1316
53664 1317
53729 1318
53846 1319
54005 1320
54072 1321
54193 1322
54206 1323
54222 1324
54290 1325
54335 1326
54453 1327
54492 1328
54511 1329
54512 1330
54547 1331
54578 1332
54605 1333
54622 1334
54652 1335
54817 1336
54884 1337
54889 1338
54898 1339
54911 1340
54968 1341
55006 1342
55027 1343
55065 1344
55075 1345
55097 1346
55142 1347
55178 1348
55187 1349
55270 1350
55272 1351
55398 1352
55421 1353
55438 1354
55441 1355
55487 1356
55490 1357
55492 1358
55493 1359
55548 1360
55559 1361
55562 1362
55607 1363
55631 1364
55655 1365
55734 1366
55751 1367
55779 1368
55787 1369
55789 1370
55799 1371
55826 1372
55858 1373
55892 1374
55927 1375
56157 1376
56198 1377
56246 1378
56271 1379
56272 1380
56307 1381
56315 1382
56323 1383
56391 1384
56399 1385
56447 1386
56554 1387
56623 1388
56625 1389
56654 1390
56661 1391
56663 1392
56804 1393
56856 1394
56917 1395
56959 1396
56985 1397
57095 1398
57105 1399
57108 1400
57124 1401
57200 1402
57234 1403
57255 1404
57267 1405
57302 1406
57369 1407
57398 1408
57449 1409
57599 1410
57620 1411
57713 1412
57725 1413
57833 1414
57920 1415
57935 1416
57959 1417
57960 1418
57976 1419
58062 1420
58142 1421
58151 1422
58194 1423
58224 1424
58255 1425
58342 1426
58351 1427
58389 1428
58458 1429
58497 1430
58529 1431
58594 1432
58612 1433
58708 1434
58768 1435
58792 1436
58877 1437
58911 1438
58961 1439
58964 1440
59038 1441
59059 1442
59150 1443
59172 1444
59180 1445
59189 1446
59206 1447
59209 1448
59267 1449
59269 1450
59305 1451
59390 1452
59499 1453
59504 1454
59554 1455
59612 1456
59656 1457
59727 1458
59770 1459
59812 1460
59820 1461
59895 1462
59912 1463
59933 1464
59971 1465
60029 1466
60040 1467
60050 1468
60079 1469
60098 1470
60130 1471
60157 1472
60168 1473
60244 1474
60253 1475
60263 1476
60278 1477
60287 1478
60307 1479
60319 1480
60336 1481
60337 1482
60392 1483
60412 1484
60427 1485
60445 1486
60475 1487
60546 1488
60569 1489
60583 1490
60621 1491
60703 1492
60707 1493
60797 1494
60858 1495
60905 1496
60944 1497
60977 1498
61028 1499
61038 1500
61042 1501
61146 1502
61147 1503
61211 1504
61257 1505
61283 1506
61348 1507
61354 1508
61427 1509
61619 1510
61668 1511
61704 1512
61759 1513
61798 1514
61835 1515
61845 1516
61854 1517
61888 1518
61901 1519
61910 1520
62150 1521
62172 1522
62272 1523
62303 1524
62316 1525
62378 1526
62464 1527
62471 1528
62542 1529
62558 1530
62582 1531
62688 1532
62716 1533
62755 1534
62862 1535
62881 1536
62891 1537
62895 1538
62958 1539
62966 1540
62968 1541
63004 1542
63323 1543
63358 1544
63360 1545
63389 1546
63394 1547
63452 1548
63506 1549
63507 1550
63595 1551
63625 1552
63714 1553
63854 1554
63865 1555
63923 1556
63938 1557
63956 1558
64075 1559
64241 1560
64270 1561
64271 1562
64310 1563
64316 1564
64396 1565
64435 1566
64436 1567
64448 1568
64449 1569
64535 1570
64679 1571
64846 1572
64946 1573
65032 1574
65068 1575
65145 1576
65183 1577
65191 1578
65208 1579
65228 1580
65238 1581
65244 1582
65258 1583
65370 1584
65484 1585
65487 1586
65497 1587
65584 1588
65663 1589
65769 1590
65791 1591
65817 1592
65844 1593
65877 1594
65913 1595
65946 1596
66055 1597
66073 1598
66100 1599
66129 1600
66323 1601
66387 1602
66443 1603
66473 1604
66483 1605
66485 1606
66487 1607
66518 1608
66533 1609
66556 1610
66574 1611
66591 1612
66640 1613
66680 1614
66765 1615
66789 1616
66797 1617
66853 1618
66878 1619
66942 1620
66953 1621
66960 1622
67079 1623
67085 1624
67174 1625
67178 1626
67198 1627
67270 1628
67288 1629
67296 1630
67354 1631
67364 1632
67402 1633
67403 1634
67487 1635
67515 1636
67544 1637
67547 1638
67591 1639
67627 1640
67663 1641
67677 1642
67693 1643
67775 1644
67782 1645
67840 1646
67910 1647
67930 1648
68000 1649
68004 1650
68081 1651
68128 1652
68156 1653
68185 1654
68240 1655
68249 1656
68256 1657
68309 1658
68344 1659
68383 1660
68436 1661
68447 1662
68537 1663
68555 1664
68568 1665
68581 1666
68615 1667
68700 1668
68729 1669
68760 1670
68767 1671
68768 1672
68846 1673
68886 1674
68943 1675
68984 1676
68998 1677
69012 1678
69023 1679
69042 1680
69078 1681
69089 1682
69156 1683
69188 1684
69211 1685
69232 1686
69252 1687
69355 1688
69378 1689
69389 1690
69405 1691
69410 1692
69460 1693
69512 1694
69627 1695
69684 1696
69697 1697
69709 1698
69721 1699
69749 1700
69775 1701
69790 1702
69808 1703
69929 1704
69933 1705
69967 1706
69971 1707
69986 1708
70014 1709
70052 1710
70065 1711
70183 1712
70189 1713
70222 1714
70302 1715
70318 1716
70379 1717
70401 1718
70402 1719
70415 1720
70435 1721
70448 1722
70541 1723
70594 1724
70628 1725
70649 1726
70666 1727
70703 1728
70772 1729
70864 1730
70878 1731
70931 1732
70999 1733
71102 1734
71162 1735
71181 1736
71183 1737
71193 1738
71207 1739
71223 1740
71234 1741
71470 1742
71490 1743
71522 1744
71587 1745
71628 1746
71662 1747
71712 1748
71752 1749
71786 1750
71800 1751
71831 1752
71853 1753
71900 1754
71902 1755
72099 1756
72100 1757
72183 1758
72190 1759
72214 1760
72238 1761
72287 1762
72296 1763
72352 1764
72368 1765
72379 1766
72418 1767
72451 1768
72523 1769
72530 1770
72575 1771
72601 1772
72636 1773
72707 1774
72742 1775
72785 1776
72990 1777
73003 1778
73022 1779
73044 1780
73056 1781
73330 1782
73363 1783
73394 1784
73398 1785
73548 1786
73588 1787
73622 1788
73651 1789
73681 1790
73741 1791
73795 1792
73837 1793
73923 1794
74026 1795
74056 1796
74093 1797
74106 1798
74175 1799
74185 1800
74274 1801
74286 1802
74328 1803
74356 1804
74413 1805
74453 1806
74493 1807
74571 1808
74630 1809
74665 1810
74687 1811
74689 1812
74691 1813
74743 1814
74758 1815
74833 1816
74849 1817
74911 1818
75013 1819
75028 1820
75081 1821
75089 1822
75096 1823
75115 1824
75119 1825
75149 1826
75330 1827
75405 1828
75429 1829
75485 1830
75491 1831
75551 1832
75585 1833
75591 1834
75701 1835
75762 1836
75777 1837
75787 1838
75809 1839
75819 1840
75860 1841
76001 1842
76019 1843
76102 1844
76105 1845
76151 1846
76168 1847
76173 1848
76218 1849
76223 1850
76351 1851
76352 1852
76482 1853
76483 1854
76499 1855
76530 1856
76532 1857
76576 1858
76626 1859
76710 1860
76803 1861
76812 1862
76815 1863
76818 1864
76888 1865
76942 1866
76976 1867
77039 1868
77052 1869
77181 1870
77261 1871
77270 1872
77273 1873
77307 1874
77359 1875
77383 1876
77480 1877
77491 1878
77499 1879
77517 1880
77585 1881
77724 1882
77772 1883
77809 1884
77816 1885
77860 1886
77868 1887
77940 1888
78015 1889
78229 1890
78328 1891
78440 1892
78448 1893
78471 1894
78496 1895
78545 1896
78553 1897
78564 1898
78573 1899
78673 1900
78719 1901
78778 1902
78783 1903
78834 1904
78841 1905
78846 1906
78901 1907
78973 1908
78996 1909
79009 1910
79055 1911
79089 1912
79172 1913
79182 1914
79186 1915
79215 1916
79266 1917
79285 1918
79366 1919
79441 1920
79556 1921
79724 1922
79736 1923
79740 1924
79747 1925
79754 1926
79923 1927
79942 1928
79958 1929
79961 1930
79977 1931
80036 1932
80071 1933
80075 1934
80105 1935
80135 1936
80203 1937
80234 1938
80266 1939
80323 1940
80453 1941
80516 1942
80538 1943
80555 1944
80642 1945
80661 1946
80683 1947
80684 1948
80690 1949
80810 1950
80820 1951
80826 1952
80837 1953
80945 1954
80996 1955
81015 1956
81045 1957
81064 1958
81088 1959
81121 1960
81136 1961
81207 1962
81216 1963
81227 1964
81249 1965
81263 1966
81274 1967
81298 1968
81303 1969
81318 1970
81324 1971
81333 1972
81368 1973
81434 1974
81459 1975
81484 1976
81492 1977
81560 1978
81578 1979
81597 1980
81609 1981
81682 1982
81771 1983
81848 1984
81855 1985
81865 1986
81927 1987
81950 1988
81977 1989
82164 1990
82391 1991
82407 1992
82497 1993
82511 1994
82608 1995
82628 1996
82673 1997
82699 1998
82720 1999
82751 2000
82797 2001
82808 2002
82825 2003
82831 2004
82841 2005
82893 2006
82901 2007
82942 2008
82955 2009
82968 2010
83069 2011
83109 2012
83135 2013
83166 2014
83235 2015
83239 2016
83252 2017
83287 2018
83306 2019
83383 2020
83390 2021
83431 2022
83443 2023
83496 2024
83637 2025
83646 2026
83671 2027
83754 2028
83775 2029
83842 2030
83971 2031
84024 2032
84126 2033
84146 2034
84178 2035
84201 2036
84427 2037
84476 2038
84479 2039
84523 2040
84671 2041
84729 2042
84795 2043
84820 2044
84866 2045
84882 2046
84897 2047
84900 2048
84910 2049
85033 2050
85043 2051
85132 2052
85256 2053
85367 2054
85426 2055
85433 2056
85455 2057
85502 2058
85526 2059
85534 2060
85554 2061
85587 2062
85616 2063
85656 2064
85701 2065
85757 2066
85833 2067
85851 2068
85872 2069
85925 2070
85962 2071
85992 2072
85993 2073
86033 2074
86051 2075
86093 2076
86123 2077
86145 2078
86170 2079
86189 2080
86202 2081
86242 2082
86243 2083
86392 2084
86408 2085
86419 2086
86489 2087
86548 2088
86555 2089
86641 2090
86720 2091
86819 2092
86835 2093
86906 2094
86932 2095
86959 2096
86969 2097
87051 2098
87108 2099
87141 2100
87155 2101
87302 2102
87351 2103
87401 2104
87540 2105
87549 2106
87555 2107
87579 2108
87690 2109
87712 2110
87729 2111
87820 2112
87911 2113
87929 2114
87938 2115
87948 2116
87949 2117
87964 2118
87974 2119
88029 2120
88122 2121
88170 2122
88187 2123
88229 2124
88248 2125
88283 2126
88288 2127
88330 2128
88389 2129
88412 2130
88416 2131
88435 2132
88574 2133
88605 2134
88620 2135
88652 2136
88677 2137
88693 2138
88733 2139
88738 2140
88793 2141
88937 2142
88976 2143
88993 2144
89014 2145
89057 2146
89192 2147
89207 2148
89307 2149
89391 2150
89474 2151
89507 2152
89551 2153
89602 2154
89851 2155
89852 2156
89867 2157
89874 2158
89913 2159
89922 2160
89945 2161
90049 2162
90075 2163
90137 2164
90174 2165
90176 2166
90198 2167
90232 2168
90322 2169
90391 2170
90417 2171
90467 2172
90517 2173
90614 2174
90616 2175
90653 2176
90657 2177
90743 2178
90766 2179
90776 2180
90793 2181
91002 2182
91017 2183
91058 2184
91103 2185
91113 2186
91119 2187
91130 2188
91165 2189
91184 2190
91203 2191
91263 2192
91342 2193
91425 2194
91449 2195
91491 2196
91576 2197
91631 2198
91634 2199
91647 2200
91685 2201
91761 2202
91832 2203
91875 2204
91931 2205
92079 2206
92132 2207
92152 2208
92156 2209
92184 2210
92215 2211
92278 2212
92316 2213
92398 2214
92405 2215
92498 2216
92524 2217
92547 2218
92648 2219
92652 2220
92658 2221
92674 2222
92693 2223
92696 2224
92804 2225
92810 2226
92853 2227
92861 2228
92979 2229
93018 2230
93034 2231
93046 2232
93047 2233
93085 2234
93092 2235
93105 2236
93130 2237
93141 2238
93147 2239
93179 2240
93241 2241
93308 2242
93355 2243
93358 2244
93363 2245
93364 2246
93386 2247
93421 2248
93426 2249
93453 2250
93513 2251
93518 2252
93562 2253
93565 2254
93615 2255
93629 2256
93630 2257
93631 2258
93636 2259
93698 2260
93701 2261
93732 2262
93770 2263
93800 2264
93871 2265
93985 2266
94023 2267
94094 2268
94209 2269
94213 2270
94242 2271
94263 2272
94264 2273
94334 2274
94347 2275
94362 2276
94366 2277
94376 2278
94385 2279
94396 2280
94494 2281
94495 2282
94529 2283
94630 2284
94730 2285
94787 2286
94818 2287
94843 2288
94853 2289
94923 2290
94951 2291
94952 2292
94965 2293
94985 2294
94997 2295
95010 2296
95025 2297
95043 2298
95173 2299
95226 2300
95250 2301
95261 2302
95301 2303
95316 2304
95353 2305
95359 2306
95360 2307
95393 2308
95452 2309
95492 2310
95506 2311
95509 2312
95525 2313
95574 2314
95781 2315
95800 2316
95903 2317
95907 2318
95921 2319
95923 2320
95932 2321
95991 2322
96019 2323
96053 2324
96054 2325
96055 2326
96194 2327
96320 2328
96335 2329
96357 2330
96440 2331
96444 2332
96448 2333
96474 2334
96493 2335
96521 2336
96554 2337
96679 2338
96744 2339
96771 2340
96869 2341
96880 2342
96900 2343
96936 2344
96954 2345
96970 2346
96989 2347
97160 2348
97179 2349
97208 2350
97290 2351
97324 2352
97423 2353
97515 2354
97587 2355
97653 2356
97694 2357
97721 2358
97754 2359
97833 2360
97848 2361
97874 2362
97972 2363
98026 2364
98159 2365
98263 2366
98297 2367
98320 2368
98322 2369
98344 2370
98356 2371
98391 2372
98422 2373
98440 2374
98484 2375
98525 2376
98547 2377
98574 2378
98575 2379
98596 2380
98628 2381
98633 2382
98647 2383
98655 2384
98686 2385
98722 2386
98723 2387
98741 2388
98758 2389
98783 2390
98787 2391
98861 2392
98887 2393
98904 2394
98923 2395
98930 2396
98943 2397
98958 2398
98988 2399
99026 2400
99032 2401
99068 2402
99102 2403
99146 2404
99193 2405
99204 2406
99222 2407
99252 2408
99312 2409
99313 2410
99322 2411
99347 2412
99441 2413
99523 2414
99616 2415
99630 2416
99720 2417
99955 2418
99996 2419
99997 2420
100004 2421
100009 2422
100053 2423
100066 2424
100088 2425
100115 2426
100223 2427
100227 2428
100264 2429
100361 2430
100393 2431
100454 2432
100459 2433
100471 2434
100578 2435
100594 2436
100610 2437
100644 2438
100648 2439
100694 2440
100782 2441
100815 2442
100846 2443
100903 2444
100906 2445
100984 2446
101035 2447
101041 2448
101081 2449
101091 2450
101141 2451
101150 2452
101196 2453
101209 2454
101214 2455
101304 2456
101305 2457
101422 2458
101513 2459
101517 2460
101550 2461
101566 2462
101606 2463
101614 2464
101620 2465
101696 2466
101731 2467
101851 2468
101874 2469
101876 2470
101882 2471
101887 2472
102029 2473
102032 2474
102117 2475
102129 2476
102130 2477
102154 2478
102189 2479
102220 2480
102275 2481
102359 2482
102375 2483
102430 2484
102564 2485
102571 2486
102581 2487
102642 2488
102647 2489
102668 2490
102676 2491
102702 2492
102705 2493
102772 2494
102891 2495
102945 2496
102967 2497
103144 2498
103277 2499
103304 2500
103315 2501
103336 2502
103445 2503
103467 2504
103496 2505
103541 2506
103577 2507
103656 2508
103811 2509
103935 2510
104051 2511
104058 2512
104098 2513
104113 2514
104123 2515
104144 2516
104211 2517
104243 2518
104268 2519
104278 2520
104311 2521
104334 2522
104362 2523
104399 2524
104413 2525
104429 2526
104437 2527
104447 2528
104505 2529
104550 2530
104569 2531
104604 2532
104636 2533
104657 2534
104665 2535
104705 2536
104796 2537
104812 2538
104880 2539
104883 2540
104925 2541
105028 2542
105054 2543
105058 2544
105100 2545
105101 2546
105108 2547
105115 2548
105160 2549
105214 2550
105221 2551
105317 2552
105335 2553
105374 2554
105476 2555
105517 2556
105536 2557
105572 2558
105576 2559
105627 2560
105874 2561
105904 2562
105937 2563
105968 2564
105979 2565
106007 2566
106059 2567
106078 2568
106114 2569
106131 2570
106208 2571
106225 2572
106280 2573
106282 2574
106294 2575
106302 2576
106331 2577
106369 2578
106406 2579
106553 2580
106768 2581
106816 2582
106845 2583
106846 2584
106849 2585
106893 2586
106946 2587
106950 2588
107021 2589
107044 2590
107099 2591
107208 2592
107244 2593
107258 2594
107288 2595
107301 2596
107324 2597
107326 2598
107453 2599
107510 2600
107523 2601
107784 2602
107865 2603
107889 2604
107921 2605
107951 2606
108005 2607
108104 2608
108130 2609
108143 2610
108155 2611
108158 2612
108197 2613
108213 2614
108243 2615
108261 2616
108267 2617
108285 2618
108336 2619
108352 2620
108392 2621
108405 2622
108480 2623
108481 2624
108485 2625
108535 2626
108563 2627
108622 2628
108700 2629
108752 2630
108753 2631
108763 2632
108773 2633
108799 2634
108827 2635
108950 2636
109013 2637
109014 2638
109084 2639
109107 2640
109122 2641
109135 2642
109276 2643
109287 2644
109349 2645
109357 2646
109363 2647
109388 2648
109403 2649
109427 2650
109461 2651
109491 2652
109502 2653
109516 2654
109519 2655
109562 2656
109574 2657
109605 2658
109741 2659
109779 2660
109783 2661
109864 2662
109899 2663
109901 2664
109921 2665
109955 2666
110029 2667
110040 2668
110076 2669
110110 2670
110112 2671
110160 2672
110165 2673
110208 2674
110214 2675
110267 2676
110308 2677
110317 2678
110361 2679
110373 2680
110382 2681
110440 2682
110483 2683
110493 2684
110558 2685
110661 2686
110700 2687
110746 2688
110887 2689
110912 2690
110934 2691
110973 2692
111133 2693
111166 2694
111174 2695
111190 2696
111241 2697
111261 2698
111286 2699
111390 2700
111438 2701
111536 2702
111578 2703
111634 2704
111637 2705
111733 2706
111816 2707
111847 2708
111888 2709
111924 2710
111938 2711
111944 2712
111947 2713
112001 2714
112026 2715
112083 2716
112088 2717
112093 2718
112109 2719
112148 2720
112173 2721
112199 2722
112240 2723
112298 2724
112401 2725
112402 2726
112408 2727
112437 2728
112502 2729
112507 2730
112512 2731
112541 2732
112544 2733
112559 2734
112590 2735
112598 2736
112672 2737
112761 2738
112765 2739
112818 2740
112845 2741
112881 2742
112914 2743
112953 2744
113030 2745
113259 2746
113270 2747
113279 2748
113328 2749
113334 2750
113364 2751
113435 2752
113475 2753
113519 2754
113531 2755
113602 2756
113624 2757
113657 2758
113661 2759
113663 2760
113752 2761
113804 2762
113817 2763
113904 2764
113944 2765
113955 2766
113966 2767
113983 2768
114007 2769
114075 2770
114085 2771
114089 2772
114178 2773
114197 2774
114200 2775
114216 2776
114217 2777
114258 2778
114265 2779
114279 2780
114306 2781
114368 2782
114378 2783
114414 2784
114444 2785
114446 2786
114452 2787
114483 2788
114498 2789
114544 2790
114581 2791
114634 2792
114643 2793
114662 2794
114742 2795
114813 2796
114868 2797
114893 2798
114988 2799
115002 2800
115003 2801
115097 2802
115120 2803
115150 2804
115224 2805
115392 2806
115435 2807
115490 2808
115503 2809
115537 2810
115552 2811
115572 2812
115679 2813
115682 2814
115692 2815
115700 2816
115759 2817
115833 2818
115874 2819
115907 2820
115929 2821
115953 2822
115956 2823
115963 2824
115971 2825
115997 2826
115998 2827
116005 2828
116090 2829
116122 2830
116123 2831
116183 2832
116249 2833
116301 2834
116313 2835
116395 2836
116428 2837
116433 2838
116521 2839
116537 2840
116549 2841
116582 2842
116599 2843
116758 2844
116816 2845
116866 2846
116897 2847
116904 2848
116931 2849
117092 2850
117111 2851
117115 2852
117132 2853
117251 2854
117255 2855
117256 2856
117318 2857
117384 2858
117396 2859
117489 2860
117539 2861
117553 2862
117577 2863
117593 2864
117594 2865
117683 2866
117700 2867
117738 2868
117873 2869
117925 2870
117963 2871
118101 2872
118135 2873
118228 2874
118275 2875
118320 2876
118344 2877
118414 2878
118422 2879
118434 2880
118484 2881
118489 2882
118528 2883
118533 2884
118628 2885
118654 2886
118659 2887
118677 2888
118881 2889
118955 2890
119248 2891
119326 2892
119364 2893
119418 2894
119446 2895
119505 2896
119517 2897
119575 2898
119590 2899
119594 2900
119631 2901
119654 2902
119671 2903
119725 2904
119749 2905
119806 2906
119858 2907
120030 2908
120080 2909
120082 2910
120093 2911
120137 2912
120155 2913
120178 2914
120181 2915
120332 2916
120333 2917
120396 2918
120548 2919
120565 2920
120598 2921
120610 2922
120696 2923
120735 2924
120807 2925
120828 2926
120829 2927
120860 2928
120873 2929
120908 2930
120985 2931
121083 2932
121093 2933
121135 2934
121166 2935
121167 2936
121170 2937
121184 2938
121251 2939
121264 2940
121405 2941
121547 2942
121592 2943
121594 2944
121606 2945
121620 2946
121817 2947
121941 2948
121986 2949
122040 2950
122045 2951
122096 2952
122321 2953
122386 2954
122418 2955
122429 2956
122440 2957
122506 2958
122542 2959
122643 2960
122671 2961
122716 2962
122782 2963
122784 2964
122793 2965
122801 2966
122802 2967
122867 2968
122881 2969
122883 2970
122958 2971
123056 2972
123066 2973
123094 2974
123095 2975
123115 2976
123143 2977
123154 2978
123160 2979
123203 2980
123215 2981
123228 2982
123238 2983
123257 2984
123298 2985
123430 2986
123433 2987
123460 2988
123468 2989
123510 2990
123515 2991
123543 2992
123544 2993
123597 2994
123608 2995
123625 2996
123649 2997
123676 2998
123700 2999
123724 3000
123732 3001
123744 3002
123790 3003
123801 3004
123825 3005
123867 3006
123883 3007
123981 3008
123988 3009
124048 3010
124066 3011
124078 3012
124079 3013
124175 3014
124200 3015
124207 3016
124259 3017
124298 3018
124310 3019
124322 3020
124363 3021
124474 3022
124487 3023
124488 3024
124597 3025
124645 3026
124688 3027
124720 3028
124747 3029
124769 3030
124852 3031
124874 3032
124876 3033
124888 3034
124915 3035
124942 3036
124983 3037
124989 3038
124993 3039
125031 3040
125039 3041
125060 3042
125063 3043
125133 3044
125171 3045
125203 3046
125216 3047
125217 3048
125287 3049
125396 3050
125411 3051
125514 3052
125519 3053
125538 3054
125692 3055
125701 3056
125736 3057
125774 3058
125779 3059
125798 3060
125808 3061
125878 3062
125892 3063
125928 3064
126053 3065
126149 3066
126196 3067
126232 3068
126240 3069
126296 3070
126298 3071
126388 3072
126395 3073
126487 3074
126492 3075
126585 3076
126604 3077
126693 3078
126697 3079
126726 3080
126736 3081
126783 3082
126803 3083
126810 3084
126812 3085
126814 3086
126827 3087
126860 3088
126903 3089
126985 3090
127024 3091
127036 3092
127049 3093
127122 3094
127129 3095
127131 3096
127147 3097
127168 3098
127171 3099
127190 3100
127200 3101
127203 3102
127233 3103
127359 3104
127384 3105
127404 3106
127432 3107
127438 3108
127481 3109
127505 3110
127519 3111
127564 3112
127621 3113
127648 3114
127782 3115
127826 3116
127827 3117
127893 3118
127914 3119
127970 3120
128014 3121
128033 3122
128040 3123
128045 3124
128060 3125
128085 3126
128119 3127
128122 3128
128208 3129
128214 3130
128257 3131
128276 3132
128286 3133
128325 3134
128331 3135
128332 3136
128406 3137
128434 3138
128622 3139
128669 3140
128693 3141
128696 3142
128732 3143
128790 3144
128835 3145
128915 3146
128962 3147
129008 3148
129074 3149
129084 3150
129338 3151
129358 3152
129368 3153
129373 3154
129389 3155
129393 3156
129399 3157
129465 3158
129474 3159
129489 3160
129494 3161
129503 3162
129505 3163
129690 3164
129716 3165
129725 3166
129851 3167
129883 3168
130132 3169
130166 3170
130168 3171
130258 3172
130438 3173
130474 3174
130482 3175
130502 3176
130543 3177
130554 3178
130570 3179
130571 3180
130581 3181
130636 3182
130658 3183
130705 3184
130784 3185
130792 3186
130837 3187
130847 3188
130866 3189
130950 3190
130961 3191
130978 3192
131027 3193
131032 3194
131046 3195
131099 3196
131126 3197
131154 3198
131182 3199
131202 3200
131238 3201
131317 3202
131363 3203
131402 3204
131437 3205
131510 3206
131594 3207
131597 3208
131622 3209
131655 3210
131657 3211
131686 3212
131837 3213
131855 3214
131974 3215
132007 3216
132083 3217
132171 3218
132173 3219
132188 3220
132199 3221
132203 3222
132282 3223
132290 3224
132375 3225
132382 3226
132392 3227
132492 3228
132572 3229
132616 3230
132624 3231
132663 3232
132684 3233
132716 3234
132786 3235
132836 3236
132851 3237
132901 3238
132909 3239
132930 3240
133041 3241
133166 3242
133192 3243
133225 3244
133258 3245
133272 3246
133284 3247
133296 3248
133416 3249
133418 3250
133557 3251
133571 3252
133689 3253
133706 3254
133738 3255
133747 3256
133846 3257
133905 3258
133935 3259
133957 3260
134005 3261
134029 3262
134118 3263
134120 3264
134225 3265
134247 3266
134264 3267
134311 3268
134347 3269
134403 3270
134434 3271
134483 3272
134508 3273
134556 3274
134630 3275
134684 3276
134694 3277
134761 3278
134784 3279
134797 3280
134837 3281
134863 3282
134900 3283
135043 3284
135045 3285
135141 3286
135149 3287
135228 3288
135265 3289
135329 3290
135351 3291
135360 3292
135367 3293
135376 3294
135398 3295
135411 3296
135458 3297
135460 3298
135609 3299
135653 3300
135665 3301
135673 3302
135681 3303
135703 3304
135736 3305
135753 3306
135768 3307
135776 3308
135799 3309
135831 3310
135869 3311
135873 3312
135895 3313
135965 3314
135975 3315
135996 3316
136010 3317
136011 3318
136062 3319
136071 3320
136104 3321
136136 3322
136137 3323
136139 3324
136193 3325
136205 3326
136237 3327
136240 3328
136252 3329
136255 3330
136291 3331
136313 3332
136326 3333
136348 3334
136350 3335
136382 3336
136396 3337
136465 3338
136491 3339
136561 3340
136735 3341
136747 3342
136829 3343
136916 3344
136943 3345
137118 3346
137134 3347
137137 3348
137190 3349
137211 3350
137222 3351
137336 3352
137397 3353
137434 3354
137437 3355
137513 3356
137524 3357
137587 3358
137588 3359
137589 3360
137620 3361
137627 3362
137684 3363
137688 3364
137742 3365
137803 3366
137816 3367
138010 3368
138045 3369
138073 3370
138097 3371
138100 3372
138124 3373
138138 3374
138176 3375
138189 3376
138193 3377
138198 3378
138202 3379
138239 3380
138307 3381
138330 3382
138379 3383
138425 3384
138441 3385
138515 3386
138525 3387
138529 3388
138543 3389
138546 3390
138578 3391
138602 3392
138647 3393
138674 3394
138777 3395
138813 3396
138826 3397
138844 3398
138849 3399
138867 3400
138906 3401
138954 3402
138955 3403
138995 3404
139070 3405
139126 3406
139141 3407
139206 3408
139243 3409
139287 3410
139359 3411
139376 3412
139387 3413
139421 3414
139462 3415
139467 3416
139575 3417
139586 3418
139607 3419
139706 3420
139742 3421
139827 3422
139828 3423
139913 3424
139934 3425
140000 3426
140005 3427
140036 3428
140069 3429
140080 3430
140087 3431
140167 3432
140196 3433
140223 3434
140255 3435
140294 3436
140340 3437
140358 3438
140410 3439
140451 3440
140555 3441
140662 3442
140763 3443
140863 3444
140879 3445
140894 3446
141010 3447
141047 3448
141065 3449
141070 3450
141089 3451
141109 3452
141127 3453
141157 3454
141201 3455
141203 3456
141210 3457
141309 3458
141310 3459
141444 3460
141491 3461
141493 3462
141511 3463
141600 3464
141704 3465
141710 3466
141719 3467
141805 3468
141819 3469
141871 3470
141888 3471
141901 3472
141902 3473
141958 3474
142005 3475
142017 3476
142062 3477
142121 3478
142134 3479
142143 3480
142212 3481
142256 3482
142398 3483
142442 3484
142479 3485
142524 3486
142555 3487
142565 3488
142579 3489
142584 3490
142600 3491
142623 3492
142661 3493
142671 3494
142672 3495
142680 3496
142715 3497
142745 3498
142766 3499
142801 3500
142817 3501
142823 3502
142861 3503
143009 3504
143011 3505
143103 3506
143134 3507
143163 3508
143175 3509
143211 3510
143253 3511
143294 3512
143302 3513
143388 3514
143415 3515
143427 3516
143497 3517
143685 3518
143715 3519
143743 3520
143792 3521
143809 3522
143837 3523
143909 3524
143939 3525
143964 3526
143965 3527
143968 3528
144038 3529
144062 3530
144151 3531
144194 3532
144223 3533
144229 3534
144241 3535
144255 3536
144315 3537
144318 3538
144455 3539
144466 3540
144478 3541
144516 3542
144531 3543
144555 3544
144619 3545
144667 3546
144707 3547
144727 3548
144799 3549
144828 3550
144899 3551
144910 3552
144925 3553
144953 3554
144997 3555
145003 3556
145109 3557
145165 3558
145369 3559
145449 3560
145543 3561
145614 3562
145619 3563
145641 3564
145644 3565
145737 3566
145861 3567
145887 3568
146057 3569
146078 3570
146083 3571
146113 3572
146175 3573
146207 3574
146230 3575
146266 3576
146298 3577
146345 3578
146348 3579
146386 3580
146421 3581
146530 3582
146564 3583
146573 3584
146641 3585
146699 3586
146778 3587
146803 3588
146855 3589
146874 3590
146932 3591
147045 3592
147141 3593
147166 3594
147224 3595
147307 3596
147404 3597
147420 3598
147451 3599
147528 3600
147676 3601
147678 3602
147686 3603
147752 3604
147803 3605
147839 3606
147847 3607
147851 3608
147900 3609
147947 3610
147965 3611
148028 3612
148030 3613
148121 3614
148124 3615
148142 3616
148157 3617
148191 3618
148199 3619
148239 3620
148258 3621
148263 3622
148314 3623
148344 3624
148586 3625
148590 3626
148632 3627
148662 3628
148712 3629
148744 3630
148798 3631
148804 3632
148863 3633
148898 3634
148929 3635
148934 3636
148962 3637
149069 3638
149071 3639
149084 3640
149120 3641
149140 3642
149204 3643
149231 3644
149259 3645
149483 3646
149598 3647
149661 3648
149690 3649
149843 3650
149907 3651
149908 3652
149934 3653
150067 3654
150124 3655
150327 3656
150498 3657
150554 3658
150561 3659
150587 3660
150657 3661
150661 3662
150663 3663
150762 3664
150890 3665
150894 3666
150896 3667
150932 3668
150966 3669
150968 3670
150979 3671
151002 3672
151043 3673
151098 3674
151101 3675
151104 3676
151107 3677
151122 3678
151139 3679
151143 3680
151262 3681
151263 3682
151370 3683
151479 3684
151483 3685
151503 3686
151537 3687
151589 3688
151608 3689
151643 3690
151653 3691
151738 3692
151780 3693
151790 3694
151824 3695
151846 3696
151991 3697
152016 3698
152036 3699
152082 3700
152099 3701
152136 3702
152186 3703
152206 3704
152309 3705
152345 3706
152354 3707
152409 3708
152428 3709
152435 3710
152468 3711
152483 3712
152514 3713
152579 3714
152605 3715
152617 3716
152645 3717
152651 3718
152696 3719
152742 3720
152770 3721
152942 3722
152946 3723
153042 3724
153054 3725
153091 3726
153174 3727
153211 3728
153283 3729
153322 3730
153342 3731
153361 3732
153513 3733
153653 3734
153662 3735
153718 3736
153719 3737
153723 3738
153797 3739
153865 3740
153950 3741
154021 3742
154070 3743
154126 3744
154137 3745
154176 3746
154182 3747
154269 3748
154345 3749
154354 3750
154469 3751
154487 3752
154529 3753
154543 3754
154553 3755
154627 3756
154675 3757
154730 3758
154773 3759
154781 3760
154791 3761
154811 3762
154844 3763
154944 3764
154975 3765
154992 3766
155000 3767
155014 3768
155141 3769
155147 3770
155219 3771
155306 3772
155343 3773
155376 3774
155444 3775
155495 3776
155580 3777
155680 3778
155743 3779
155771 3780
155778 3781
155807 3782
155810 3783
155913 3784
155989 3785
156150 3786
156163 3787
156214 3788
156269 3789
156300 3790
156342 3791
156432 3792
156467 3793
156483 3794
156510 3795
156534 3796
156584 3797
156706 3798
156837 3799
156870 3800
157083 3801
157127 3802
157163 3803
157247 3804
157252 3805
157273 3806
157281 3807
157380 3808
157543 3809
157594 3810
157625 3811
157655 3812
157660 3813
157799 3814
157811 3815
158033 3816
158034 3817
158043 3818
158103 3819
158104 3820
158226 3821
158254 3822
158295 3823
158361 3824
158385 3825
158433 3826
158506 3827
158606 3828
158714 3829
158774 3830
158846 3831
158984 3832
159033 3833
159283 3834
159506 3835
159647 3836
159720 3837
159732 3838
159754 3839
159817 3840
159822 3841
159834 3842
159854 3843
159858 3844
159860 3845
159863 3846
159868 3847
159946 3848
159977 3849
160154 3850
160180 3851
160200 3852
160231 3853
160295 3854
160334 3855
160344 3856
160378 3857
160393 3858
160401 3859
160434 3860
160541 3861
160548 3862
160558 3863
160571 3864
160574 3865
160681 3866
160735 3867
160746 3868
160803 3869
160819 3870
160878 3871
160881 3872
160994 3873
161037 3874
161039 3875
161041 3876
161200 3877
161211 3878
161250 3879
161252 3880
161265 3881
161299 3882
161326 3883
161348 3884
161373 3885
161385 3886
161391 3887
161448 3888
161467 3889
161476 3890
161533 3891
161662 3892
161677 3893
161744 3894
161750 3895
161752 3896
161755 3897
161831 3898
161870 3899
161880 3900
161882 3901
161903 3902
161936 3903
161974 3904
161986 3905
162001 3906
162014 3907
162019 3908
162030 3909
162052 3910
162121 3911
162155 3912
162219 3913
162311 3914
162376 3915
162380 3916
162496 3917
162538 3918
162562 3919
162590 3920
162596 3921
162610 3922
162626 3923
162639 3924
162662 3925
162671 3926
162738 3927
162762 3928
162780 3929
162827 3930
162840 3931
162849 3932
162886 3933
163169 3934
163194 3935
163202 3936
163302 3937
163307 3938
163319 3939
163326 3940
163335 3941
163358 3942
163415 3943
163419 3944
163430 3945
163433 3946
163443 3947
163467 3948
163488 3949
163534 3950
163570 3951
163579 3952
163600 3953
163612 3954
163676 3955
163759 3956
163761 3957
163796 3958
163804 3959
163851 3960
163876 3961
163973 3962
164027 3963
164096 3964
164105 3965
164301 3966
164323 3967
164425 3968
164480 3969
164492 3970
164518 3971
164533 3972
164549 3973
164581 3974
164584 3975
164675 3976
164728 3977
164775 3978
164777 3979
164828 3980
164870 3981
164906 3982
164926 3983
165073 3984
165183 3985
165232 3986
165267 3987
165268 3988
165308 3989
165319 3990
165345 3991
165425 3992
165512 3993
165516 3994
165576 3995
165582 3996
165669 3997
165728 3998
165758 3999
165769 4000
165806 4001
165866 4002
165884 4003
165914 4004
165987 4005
166017 4006
166030 4007
166123 4008
166141 4009
166287 4010
166291 4011
166327 4012
166391 4013
166409 4014
166492 4015
166596 4016
166639 4017
166646 4018
166753 4019
166758 4020
166824 4021
166825 4022
166828 4023
166830 4024
166891 4025
166922 4026
167038 4027
167052 4028
167189 4029
167272 4030
167327 4031
167349 4032
167389 4033
167471 4034
167478 4035
167494 4036
167507 4037
167517 4038
167521 4039
167556 4040
167562 4041
167587 4042
167611 4043
167614 4044
167625 4045
167678 4046
167722 4047
167746 4048
167761 4049
167782 4050
167800 4051
167812 4052
167844 4053
168016 4054
168029 4055
168034 4056
168036 4057
168047 4058
168064 4059
168144 4060
168216 4061
168245 4062
168387 4063
168388 4064
168464 4065
168478 4066
168500 4067
168642 4068
168763 4069
168805 4070
168816 4071
168954 4072
168971 4073
168985 4074
168999 4075
169006 4076
169043 4077
169057 4078
169192 4079
169223 4080
169233 4081
169243 4082
169249 4083
169309 4084
169310 4085
169400 4086
169403 4087
169450 4088
169465 4089
169492 4090
169600 4091
169663 4092
169682 4093
169692 4094
169699 4095
169727 4096
169735 4097
169779 4098
169781 4099
169824 4100
169859 4101
170012 4102
170054 4103
170073 4104
170077 4105
170154 4106
170155 4107
170184 4108
170227 4109
170255 4110
170256 4111
170264 4112
170372 4113
170415 4114
170493 4115
170499 4116
170513 4117
170518 4118
170522 4119
170527 4120
170575 4121
170634 4122
170693 4123
170724 4124
170742 4125
170762 4126
170792 4127
170810 4128
170845 4129
170850 4130
170861 4131
170866 4132
170869 4133
170947 4134
170966 4135
171007 4136
171011 4137
171031 4138
171045 4139
171050 4140
171055 4141
171078 4142
171082 4143
171118 4144
171295 4145
171359 4146
171389 4147
171444 4148
171445 4149
171475 4150
171602 4151
171623 4152
171638 4153
171818 4154
171846 4155
171904 4156
171967 4157
171968 4158
171970 4159
171986 4160
171999 4161
172010 4162
172030 4163
172048 4164
172061 4165
172091 4166
172119 4167
172128 4168
172180 4169
172192 4170
172203 4171
172215 4172
172216 4173
172331 4174
172374 4175
172406 4176
172512 4177
172539 4178
172613 4179
172676 4180
172700 4181
172742 4182
172760 4183
173018 4184
173111 4185
173131 4186
173225 4187
173291 4188
173343 4189
173415 4190
173481 4191
173486 4192
173511 4193
173517 4194
173650 4195
173679 4196
173684 4197
173728 4198
173773 4199
173835 4200
173860 4201
173930 4202
173951 4203
174034 4204
174062 4205
174072 4206
174092 4207
174151 4208
174179 4209
174195 4210
174216 4211
174304 4212
174326 4213
174334 4214
174367 4215
174375 4216
174388 4217
174428 4218
174501 4219
174503 4220
174534 4221
174590 4222
174596 4223
174615 4224
174625 4225
174633 4226
174692 4227
174700 4228
174726 4229
174791 4230
174827 4231
174830 4232
174834 4233
174848 4234
174851 4235
174892 4236
174897 4237
174914 4238
174918 4239
175003 4240
175052 4241
175070 4242
175100 4243
175101 4244
175117 4245
175205 4246
175254 4247
175271 4248
175278 4249
175287 4250
175463 4251
175485 4252
175529 4253
175536 4254
175576 4255
175636 4256
175794 4257
175805 4258
175886 4259
175978 4260
176094 4261
176102 4262
176214 4263
176256 4264
176348 4265
176459 4266
176481 4267
176486 4268
176526 4269
176576 4270
176597 4271
176656 4272
176667 4273
176785 4274
176853 4275
176875 4276
176879 4277
176887 4278
176902 4279
176903 4280
177040 4281
177072 4282
177073 4283
177090 4284
177091 4285
177157 4286
177186 4287
177195 4288
177233 4289
177237 4290
177262 4291
177277 4292
177284 4293
177295 4294
177349 4295
177374 4296
177375 4297
177386 4298
177432 4299
177451 4300
177458 4301
177492 4302
177569 4303
177590 4304
177660 4305
177683 4306
177690 4307
177862 4308
177876 4309
177879 4310
178035 4311
178056 4312
178058 4313
178079 4314
178093 4315
178130 4316
178151 4317
178199 4318
178201 4319
178223 4320
178240 4321
178322 4322
178458 4323
178522 4324
178587 4325
178597 4326
178667 4327
178733 4328
178797 4329
178880 4330
178914 4331
178920 4332
178961 4333
179019 4334
179075 4335
179118 4336
179147 4337
179288 4338
179327 4339
179433 4340
179501 4341
179532 4342
179534 4343
179688 4344
179718 4345
179730 4346
179733 4347
179734 4348
179739 4349
179741 4350
179744 4351
179772 4352
179791 4353
179826 4354
179843 4355
179857 4356
179885 4357
179906 4358
179978 4359
180032 4360
180042 4361
180348 4362
180378 4363
180495 4364
180580 4365
180586 4366
180591 4367
180651 4368
180801 4369
180840 4370
180860 4371
180925 4372
180957 4373
181076 4374
181077 4375
181103 4376
181165 4377
181176 4378
181212 4379
181223 4380
181436 4381
181443 4382
181452 4383
181473 4384
181687 4385
181691 4386
181714 4387
181736 4388
181796 4389
181896 4390
181948 4391
181956 4392
181995 4393
182053 4394
182085 4395
182086 4396
182088 4397
182117 4398
182180 4399
182202 4400
182275 4401
182334 4402
182393 4403
182403 4404
182414 4405
182442 4406
182459 4407
182506 4408
182527 4409
182599 4410
182746 4411
182838 4412
182847 4413
182931 4414
182969 4415
182993 4416
183046 4417
183061 4418
183088 4419
183101 4420
183134 4421
183142 4422
183178 4423
183187 4424
183196 4425
183277 4426
183284 4427
183347 4428
183436 4429
183476 4430
183537 4431
183540 4432
183566 4433
183572 4434
183740 4435
183753 4436
183832 4437
183883 4438
183931 4439
183952 4440
183958 4441
183963 4442
183995 4443
184121 4444
184190 4445
184196 4446
184202 4447
184223 4448
184279 4449
184299 4450
184310 4451
184354 4452
184365 4453
184401 4454
184424 4455
184465 4456
184479 4457
184513 4458
184532 4459
184562 4460
184629 4461
184632 4462
184684 4463
184789 4464
184890 4465
184904 4466
184985 4467
184990 4468
185011 4469
185071 4470
185087 4471
185140 4472
185147 4473
185154 4474
185176 4475
185233 4476
185254 4477
185275 4478
185288 4479
185296 4480
185308 4481
185313 4482
185384 4483
185450 4484
185468 4485
185514 4486
185634 4487
185671 4488
185677 4489
185722 4490
185771 4491
186032 4492
186039 4493
186312 4494
186334 4495
186527 4496
186533 4497
186547 4498
186570 4499
186762 4500
186784 4501
186807 4502
186837 4503
186848 4504
186899 4505
187029 4506
187065 4507
187145 4508
187170 4509
187256 4510
187410 4511
187425 4512
187517 4513
187520 4514
187574 4515
187613 4516
187624 4517
187747 4518
187761 4519
187762 4520
187763 4521
187801 4522
187822 4523
187835 4524
187844 4525
187863 4526
187904 4527
187981 4528
187990 4529
188010 4530
188022 4531
188027 4532
188038 4533
188171 4534
188273 4535
188280 4536
188369 4537
188379 4538
188483 4539
188484 4540
188490 4541
188513 4542
188518 4543
188583 4544
188589 4545
188659 4546
188661 4547
188676 4548
188696 4549
188796 4550
188799 4551
188951 4552
189005 4553
189080 4554
189104 4555
189115 4556
189120 4557
189139 4558
189151 4559
189235 4560
189320 4561
189334 4562
189392 4563
189474 4564
189516 4565
189541 4566
189558 4567
189655 4568
189678 4569
189747 4570
189789 4571
189798 4572
189835 4573
189855 4574
189891 4575
189973 4576
190080 4577
190185 4578
190350 4579
190374 4580
190409 4581
190422 4582
190448 4583
190459 4584
190479 4585
190521 4586
190533 4587
190708 4588
190741 4589
190831 4590
190844 4591
190885 4592
190923 4593
190925 4594
190939 4595
191014 4596
191093 4597
191165 4598
191166 4599
191188 4600
191523 4601
191548 4602
191560 4603
191575 4604
191638 4605
191716 4606
191761 4607
191775 4608
191803 4609
191841 4610
191875 4611
191883 4612
192093 4613
192119 4614
192121 4615
192158 4616
192176 4617
192185 4618
192191 4619
192211 4620
192244 4621
192245 4622
192353 4623
192428 4624
192460 4625
192462 4626
192479 4627
192492 4628
192696 4629
192710 4630
192727 4631
192733 4632
192914 4633
193106 4634
193131 4635
193350 4636
193412 4637
193428 4638
193448 4639
193458 4640
193469 4641
193470 4642
193482 4643
193499 4644
193529 4645
193560 4646
193610 4647
193676 4648
193738 4649
193750 4650
193769 4651
193778 4652
193798 4653
193819 4654
193898 4655
193966 4656
194027 4657
194172 4658
194202 4659
194205 4660
194273 4661
194287 4662
194358 4663
194514 4664
194519 4665
194556 4666
194600 4667
194605 4668
194606 4669
194614 4670
194636 4671
194639 4672
194646 4673
194669 4674
194676 4675
194877 4676
195008 4677
195041 4678
195049 4679
195079 4680
195100 4681
195116 4682
195182 4683
195247 4684
195374 4685
195386 4686
195455 4687
195469 4688
195694 4689
195904 4690
195943 4691
195965 4692
196018 4693
196031 4694
196047 4695
196050 4696
196052 4697
196053 4698
196055 4699
196077 4700
196099 4701
196106 4702
196108 4703
196113 4704
196137 4705
196146 4706
196148 4707
196149 4708
196160 4709
196191 4710
196228 4711
196253 4712
196261 4713
196282 4714
196317 4715
196457 4716
196466 4717
196502 4718
196621 4719
196738 4720
196775 4721
196812 4722
196886 4723
196891 4724
197000 4725
197012 4726
197206 4727
197293 4728
197364 4729
197410 4730
197424 4731
197425 4732
197502 4733
197659 4734
197664 4735
197687 4736
197727 4737
197775 4738
197866 4739
197913 4740
197939 4741
197942 4742
197997 4743
198011 4744
198012 4745
198046 4746
198114 4747
198177 4748
198213 4749
198216 4750
198355 4751
198483 4752
198507 4753
198557 4754
198726 4755
198767 4756
198781 4757
198840 4758
198930 4759
198982 4760
198983 4761
198996 4762
199016 4763
199025 4764
199041 4765
199092 4766
199095 4767
199178 4768
199209 4769
199416 4770
199515 4771
199772 4772
199795 4773
199871 4774
199981 4775
200009 4776
200196 4777
200206 4778
200213 4779
200226 4780
200245 4781
200248 4782
200252 4783
200323 4784
200402 4785
200422 4786
200493 4787
200508 4788
200568 4789
200585 4790
200607 4791
200643 4792
200674 4793
200978 4794
200993 4795
201017 4796
201036 4797
201042 4798
201058 4799
201141 4800
201290 4801
201323 4802
201353 4803
201447 4804
201475 4805
201526 4806
201557 4807
201568 4808
201593 4809
201641 4810
201674 4811
201677 4812
201684 4813
201697 4814
201725 4815
201751 4816
201760 4817
201768 4818
201776 4819
201783 4820
201792 4821
201829 4822
201923 4823
201969 4824
202000 4825
202063 4826
202127 4827
202147 4828
202173 4829
202182 4830
202195 4831
202212 4832
202277 4833
202324 4834
202346 4835
202353 4836
202358 4837
202381 4838
202462 4839
202532 4840
202553 4841
202564 4842
202706 4843
202711 4844
202738 4845
202885 4846
202942 4847
202963 4848
203017 4849
203044 4850
203058 4851
203075 4852
203161 4853
203213 4854
203240 4855
203280 4856
203380 4857
203401 4858
203422 4859
203441 4860
203506 4861
203531 4862
203598 4863
203603 4864
203742 4865
203764 4866
203799 4867
203805 4868
203844 4869
203877 4870
203900 4871
203910 4872
203918 4873
204040 4874
204167 4875
204179 4876
204255 4877
204316 4878
204333 4879
204359 4880
204393 4881
204448 4882
204452 4883
204457 4884
204474 4885
204571 4886
204591 4887
204619 4888
204622 4889
204660 4890
204676 4891
204696 4892
204698 4893
204790 4894
204804 4895
204813 4896
204822 4897
204844 4898
204864 4899
204909 4900
204929 4901
204936 4902
204946 4903
204964 4904
205072 4905
205085 4906
205145 4907
205197 4908
205281 4909
205285 4910
205383 4911
205426 4912
205473 4913
205487 4914
205520 4915
205538 4916
205554 4917
205735 4918
205765 4919
205843 4920
205878 4921
205919 4922
205943 4923
205963 4924
205967 4925
205979 4926
205980 4927
205992 4928
206016 4929
206074 4930
206107 4931
206109 4932
206202 4933
206219 4934
206249 4935
206305 4936
206393 4937
206423 4938
206438 4939
206534 4940
206563 4941
206567 4942
206675 4943
206691 4944
206764 4945
206775 4946
206877 4947
206891 4948
206944 4949
206959 4950
207003 4951
207134 4952
207148 4953
207180 4954
207246 4955
207259 4956
207275 4957
207291 4958
207339 4959
207341 4960
207349 4961
207350 4962
207385 4963
207450 4964
207494 4965
207499 4966
207563 4967
207569 4968
207616 4969
207651 4970
207686 4971
207782 4972
207825 4973
207835 4974
207860 4975
207924 4976
207965 4977
207971 4978
208019 4979
208058 4980
208077 4981
208095 4982
208112 4983
208141 4984
208147 4985
208236 4986
208251 4987
208302 4988
208367 4989
208378 4990
208382 4991
208406 4992
208410 4993
208415 4994
208451 4995
208468 4996
208555 4997
208568 4998
208591 4999
208600 5000
208605 5001
208620 5002
208645 5003
208668 5004
208671 5005
208683 5006
208700 5007
208815 5008
208829 5009
208877 5010
208897 5011
208907 5012
208936 5013
208960 5014
209059 5015
209147 5016
209156 5017
209160 5018
209163 5019
209174 5020
209229 5021
209238 5022
209265 5023
209373 5024
209394 5025
209464 5026
209486 5027
209516 5028
209536 5029
209563 5030
209625 5031
209631 5032
209684 5033
209756 5034
209765 5035
209817 5036
209833 5037
209875 5038
209932 5039
209974 5040
209985 5041
210035 5042
210077 5043
210097 5044
210168 5045
210174 5046
210261 5047
210315 5048
210317 5049
210481 5050
210485 5051
210493 5052
210573 5053
210587 5054
210597 5055
210599 5056
210627 5057
210685 5058
210717 5059
210738 5060
210791 5061
210822 5062
210874 5063
210921 5064
210923 5065
210959 5066
211041 5067
211098 5068
211137 5069
211152 5070
211176 5071
211231 5072
211288 5073
211303 5074
211344 5075
211351 5076
211360 5077
211426 5078
211430 5079
211770 5080
211919 5081
211937 5082
211944 5083
211961 5084
212088 5085
212109 5086
212130 5087
212142 5088
212252 5089
212260 5090
212328 5091
212385 5092
212427 5093
212439 5094
212467 5095
212568 5096
212628 5097
212631 5098
212697 5099
212797 5100
212849 5101
212859 5102
212923 5103
212965 5104
213064 5105
213066 5106
213119 5107
213126 5108
213150 5109
213191 5110
213197 5111
213255 5112
213312 5113
213316 5114
213369 5115
213410 5116
213523 5117
213531 5118
213628 5119
213638 5120
213641 5121
213664 5122
213708 5123
213760 5124
213839 5125
213851 5126
213972 5127
214042 5128
214138 5129
214212 5130
214244 5131
214272 5132
214315 5133
214348 5134
214436 5135
214686 5136
214786 5137
214879 5138
214920 5139
215006 5140
215071 5141
215139 5142
215180 5143
215256 5144
215278 5145
215359 5146
215388 5147
215421 5148
215498 5149
215609 5150
215627 5151
215693 5152
215709 5153
215728 5154
215753 5155
215829 5156
215942 5157
215986 5158
215988 5159
216012 5160
216027 5161
216057 5162
216099 5163
216100 5164
216151 5165
216260 5166
216386 5167
216435 5168
216444 5169
216466 5170
216495 5171
216501 5172
216557 5173
216670 5174
216683 5175
216724 5176
216781 5177
216829 5178
216877 5179
216882 5180
216962 5181
217012 5182
217056 5183
217106 5184
217107 5185
217121 5186
217223 5187
217270 5188
217271 5189
217282 5190
217318 5191
217375 5192
217444 5193
217468 5194
217496 5195
217512 5196
217516 5197
217673 5198
217740 5199
217811 5200
217818 5201
217958 5202
217986 5203
218068 5204
218121 5205
218221 5206
218240 5207
218241 5208
218286 5209
218411 5210
218514 5211
218519 5212
218552 5213
218568 5214
218608 5215
218615 5216
218636 5217
218640 5218
218689 5219
218721 5220
218760 5221
218836 5222
218844 5223
218875 5224
218976 5225
219008 5226
219035 5227
219065 5228
219149 5229
219208 5230
219209 5231
219254 5232
219278 5233
219301 5234
219321 5235
219353 5236
219387 5237
219420 5238
219530 5239
219546 5240
219593 5241
219597 5242
219671 5243
219683 5244
219921 5245
219924 5246
219949 5247
219951 5248
219955 5249
219974 5250
220091 5251
220095 5252
220122 5253
220240 5254
220278 5255
220314 5256
220399 5257
220484 5258
220503 5259
220586 5260
220597 5261
220608 5262
220635 5263
220664 5264
220688 5265
220717 5266
220759 5267
220867 5268
220892 5269
220911 5270
220931 5271
220945 5272
221008 5273
221040 5274
221050 5275
221186 5276
221232 5277
221309 5278
221327 5279
221445 5280
221510 5281
221543 5282
221557 5283
221655 5284
221672 5285
221681 5286
221687 5287
221690 5288
221705 5289
221732 5290
221753 5291
221777 5292
221870 5293
221948 5294
221967 5295
222034 5296
222035 5297
222050 5298
222152 5299
222204 5300
222207 5301
222210 5302
222220 5303
222296 5304
222353 5305
222488 5306
222492 5307
222501 5308
222506 5309
222563 5310
222614 5311
222677 5312
222688 5313
222716 5314
222743 5315
222788 5316
222941 5317
223066 5318
223078 5319
223087 5320
223105 5321
223132 5322
223154 5323
223156 5324
223161 5325
223190 5326
223201 5327
223210 5328
223231 5329
223253 5330
223402 5331
223431 5332
223438 5333
223454 5334
223455 5335
223501 5336
223530 5337
223554 5338
223566 5339
223587 5340
223644 5341
223714 5342
223721 5343
223768 5344
223787 5345
223814 5346
223816 5347
223872 5348
223879 5349
223892 5350
223927 5351
223953 5352
223954 5353
223977 5354
224085 5355
224122 5356
224138 5357
224146 5358
224159 5359
224209 5360
224236 5361
224249 5362
224289 5363
224303 5364
224308 5365
224340 5366
224342 5367
224349 5368
224430 5369
224435 5370
224479 5371
224525 5372
224626 5373
224646 5374
224764 5375
224768 5376
224809 5377
224904 5378
224923 5379
224927 5380
224944 5381
224997 5382
225002 5383
225066 5384
225078 5385
225087 5386
225191 5387
225199 5388
225232 5389
225379 5390
225411 5391
225435 5392
225449 5393
225542 5394
225595 5395
225610 5396
225617 5397
225683 5398
225686 5399
225763 5400
225810 5401
225886 5402
225887 5403
225912 5404
225938 5405
225986 5406
225989 5407
225996 5408
226006 5409
226205 5410
226220 5411
226267 5412
226349 5413
226362 5414
226393 5415
226394 5416
226462 5417
226482 5418
226545 5419
226553 5420
226554 5421
226616 5422
226702 5423
226713 5424
226739 5425
226745 5426
226772 5427
226874 5428
226879 5429
226926 5430
226965 5431
226976 5432
226987 5433
227025 5434
227054 5435
227072 5436
227097 5437
227146 5438
227192 5439
227250 5440
227275 5441
227276 5442
227282 5443
227292 5444
227295 5445
227327 5446
227397 5447
227413 5448
227422 5449
227447 5450
227467 5451
227520 5452
227544 5453
227591 5454
227654 5455
227681 5456
227702 5457
227705 5458
227836 5459
227859 5460
227884 5461
227925 5462
228021 5463
228108 5464
228154 5465
228206 5466
228245 5467
228311 5468
228313 5469
228321 5470
228351 5471
228445 5472
228455 5473
228477 5474
228579 5475
228652 5476
228681 5477
228727 5478
228738 5479
228764 5480
228789 5481
228868 5482
228998 5483
229011 5484
229055 5485
229177 5486
229243 5487
229313 5488
229329 5489
229331 5490
229334 5491
229409 5492
229448 5493
229454 5494
229496 5495
229502 5496
229551 5497
229632 5498
229656 5499
229681 5500
229703 5501
229741 5502
229742 5503
229767 5504
229768 5505
229899 5506
229922 5507
230013 5508
230030 5509
230105 5510
230115 5511
230180 5512
230293 5513
230374 5514
230400 5515
230496 5516
230522 5517
230626 5518
230627 5519
230629 5520
230687 5521
230699 5522
230708 5523
230985 5524
231081 5525
231132 5526
231149 5527
231210 5528
231225 5529
231237 5530
231251 5531
231252 5532
231255 5533
231263 5534
231264 5535
231295 5536
231337 5537
231340 5538
231351 5539
231354 5540
231357 5541
231374 5542
231393 5543
231395 5544
231560 5545
231613 5546
231694 5547
231823 5548
231827 5549
231857 5550
231891 5551
231897 5552
231993 5553
232030 5554
232052 5555
232067 5556
232103 5557
232106 5558
232107 5559
232131 5560
232211 5561
232271 5562
232292 5563
232492 5564
232583 5565
232708 5566
232756 5567
232838 5568
232929 5569
232945 5570
232959 5571
232964 5572
232990 5573
233117 5574
233143 5575
233256 5576
233312 5577
233361 5578
233427 5579
233430 5580
233431 5581
233436 5582
233445 5583
233480 5584
233526 5585
233543 5586
233578 5587
233711 5588
233754 5589
233856 5590
233867 5591
233889 5592
233903 5593
233911 5594
233917 5595
233976 5596
234023 5597
234108 5598
234165 5599
234281 5600
234359 5601
234399 5602
234401 5603
234565 5604
234597 5605
234614 5606
234623 5607
234647 5608
234672 5609
234675 5610
234683 5611
234721 5612
234743 5613
234765 5614
234828 5615
234893 5616
234901 5617
234925 5618
234948 5619
234954 5620
235011 5621
235059 5622
235099 5623
235105 5624
235146 5625
235173 5626
235206 5627
235282 5628
235384 5629
235392 5630
235498 5631
235506 5632
235543 5633
235671 5634
235684 5635
235842 5636
235884 5637
235895 5638
235935 5639
235948 5640
235952 5641
236017 5642
236030 5643
236044 5644
236058 5645
236097 5646
236164 5647
236172 5648
236235 5649
236255 5650
236267 5651
236269 5652
236283 5653
236322 5654
236340 5655
236349 5656
236399 5657
236480 5658
236587 5659
236595 5660
236618 5661
236621 5662
236700 5663
236754 5664
236757 5665
236840 5666
236872 5667
236943 5668
236948 5669
236959 5670
236994 5671
237064 5672
237264 5673
237271 5674
237275 5675
237397 5676
237407 5677
237411 5678
237429 5679
237433 5680
237434 5681
237474 5682
237486 5683
237534 5684
237715 5685
237748 5686
237856 5687
237898 5688
237912 5689
237990 5690
238008 5691
238010 5692
238057 5693
238065 5694
238120 5695
238222 5696
238231 5697
238246 5698
238319 5699
238350 5700
238400 5701
238419 5702
238540 5703
238541 5704
238557 5705
238568 5706
238607 5707
238613 5708
238639 5709
238699 5710
238739 5711
238757 5712
238779 5713
238781 5714
238836 5715
238849 5716
238864 5717
238889 5718
238890 5719
238961 5720
239004 5721
239020 5722
239067 5723
239070 5724
239161 5725
239374 5726
239407 5727
239423 5728
239449 5729
239460 5730
239468 5731
239481 5732
239486 5733
239488 5734
239535 5735
239554 5736
239584 5737
239594 5738
239609 5739
239626 5740
239688 5741
239692 5742
239736 5743
239748 5744
239788 5745
239801 5746
239834 5747
240035 5748
240051 5749
240107 5750
240111 5751
240113 5752
240131 5753
240144 5754
240219 5755
240224 5756
240225 5757
240235 5758
240267 5759
240318 5760
240333 5761
240370 5762
240401 5763
240403 5764
240484 5765
240495 5766
240567 5767
240568 5768
240609 5769
240643 5770
240663 5771
240677 5772
240700 5773
240756 5774
240789 5775
240829 5776
240888 5777
240906 5778
240932 5779
241042 5780
241080 5781
241086 5782
241100 5783
241204 5784
241214 5785
241239 5786
241265 5787
241357 5788
241367 5789
241405 5790
241495 5791
241513 5792
241527 5793
241537 5794
241548 5795
241565 5796
241597 5797
241614 5798
241666 5799
241749 5800
241791 5801
241799 5802
241861 5803
241885 5804
241980 5805
242006 5806
242007 5807
242037 5808
242073 5809
242083 5810
242097 5811
242106 5812
242118 5813
242143 5814
242247 5815
242299 5816
242309 5817
242310 5818
242317 5819
242361 5820
242409 5821
242458 5822
242465 5823
242499 5824
242528 5825
242639 5826
242646 5827
242763 5828
242843 5829
242849 5830
242878 5831
242891 5832
242914 5833
242962 5834
243004 5835
243058 5836
243065 5837
243075 5838
243077 5839
243088 5840
243142 5841
243236 5842
243294 5843
243312 5844
243328 5845
243360 5846
243429 5847
243448 5848
243491 5849
243584 5850
243607 5851
243700 5852
243720 5853
243745 5854
243759 5855
243785 5856
243814 5857
243863 5858
243879 5859
243891 5860
243929 5861
243930 5862
243942 5863
243951 5864
243966 5865
243984 5866
244039 5867
244056 5868
244070 5869
244092 5870
244139 5871
244148 5872
244171 5873
244189 5874
244277 5875
244286 5876
244349 5877
244359 5878
244420 5879
244452 5880
244456 5881
244471 5882
244484 5883
244494 5884
244517 5885
244593 5886
244622 5887
244627 5888
244657 5889
244662 5890
244676 5891
244685 5892
244708 5893
244710 5894
244736 5895
244742 5896
244761 5897
244779 5898
244781 5899
244814 5900
244873 5901
244874 5902
244915 5903
244925 5904
244995 5905
245088 5906
245102 5907
245128 5908
245157 5909
245188 5910
245194 5911
245203 5912
245215 5913
245295 5914
245311 5915
245328 5916
245346 5917
245371 5918
245410 5919
245446 5920
245534 5921
245568 5922
245604 5923
245616 5924
245645 5925
245649 5926
245650 5927
245655 5928
245660 5929
245814 5930
245827 5931
245963 5932
246000 5933
246156 5934
246216 5935
246230 5936
246246 5937
246247 5938
246311 5939
246313 5940
246388 5941
246470 5942
246507 5943
246512 5944
246513 5945
246528 5946
246617 5947
246634 5948
246655 5949
246759 5950
246766 5951
246776 5952
246798 5953
246820 5954
246959 5955
247010 5956
247055 5957
247060 5958
247129 5959
247166 5960
247201 5961
247240 5962
247241 5963
247278 5964
247423 5965
247429 5966
247444 5967
247447 5968
247518 5969
247537 5970
247626 5971
247664 5972
247752 5973
247825 5974
247829 5975
247840 5976
247852 5977
247855 5978
247897 5979
247918 5980
247966 5981
247998 5982
248003 5983
248064 5984
248098 5985
248131 5986
248221 5987
248259 5988
248280 5989
248464 5990
248468 5991
248477 5992
248479 5993
248492 5994
248496 5995
248531 5996
248540 5997
248547 5998
248615 5999
248656 6000
248718 6001
248749 6002
248805 6003
248850 6004
248965 6005
249058 6006
249111 6007
249128 6008
249140 6009
249150 6010
249220 6011
249223 6012
249305 6013
249361 6014
249407 6015
249496 6016
249628 6017
249650 6018
249688 6019
249695 6020
249732 6021
249746 6022
249848 6023
249862 6024
249894 6025
249939 6026
249953 6027
249958 6028
249989 6029
250006 6030
250101 6031
250184 6032
250219 6033
250223 6034
250300 6035
250330 6036
250368 6037
250398 6038
250405 6039
250454 6040
250456 6041
250461 6042
250494 6043
250506 6044
250543 6045
250683 6046
250709 6047
250733 6048
250764 6049
250832 6050
250925 6051
250936 6052
250939 6053
250948 6054
250962 6055
250989 6056
251003 6057
251019 6058
251093 6059
251122 6060
251140 6061
251146 6062
251164 6063
251242 6064
251339 6065
251362 6066
251391 6067
251394 6068
251422 6069
251423 6070
251467 6071
251495 6072
251506 6073
251518 6074
251527 6075
251606 6076
251613 6077
251642 6078
251739 6079
251744 6080
251843 6081
251844 6082
251890 6083
252071 6084
252222 6085
252233 6086
252287 6087
252292 6088
252347 6089
252627 6090
252642 6091
252654 6092
252695 6093
252698 6094
252721 6095
252775 6096
252785 6097
252806 6098
252820 6099
252827 6100
252829 6101
252843 6102
252846 6103
252848 6104
252865 6105
252903 6106
253005 6107
253106 6108
253226 6109
253310 6110
253311 6111
253322 6112
253386 6113
253403 6114
253482 6115
253556 6116
253563 6117
253580 6118
253602 6119
253626 6120
253629 6121
253668 6122
253771 6123
253797 6124
253821 6125
253867 6126
253871 6127
253949 6128
253964 6129
254038 6130
254053 6131
254064 6132
254144 6133
254160 6134
254196 6135
254201 6136
254206 6137
254224 6138
254278 6139
254289 6140
254299 6141
254355 6142
254376 6143
254377 6144
254405 6145
254417 6146
254465 6147
254467 6148
254486 6149
254502 6150
254690 6151
254777 6152
254822 6153
254859 6154
254863 6155
254899 6156
254971 6157
254995 6158
255078 6159
255092 6160
255218 6161
255289 6162
255489 6163
255493 6164
255546 6165
255618 6166
255648 6167
255661 6168
255786 6169
255814 6170
255846 6171
255858 6172
256023 6173
256133 6174
256167 6175
256247 6176
256270 6177
256298 6178
256402 6179
256407 6180
256507 6181
256603 6182
256843 6183
256844 6184
256874 6185
256889 6186
256925 6187
256948 6188
257024 6189
257028 6190
257145 6191
257198 6192
257204 6193
257212 6194
257362 6195
257454 6196
257492 6197
257534 6198
257548 6199
257625 6200
257699 6201
257700 6202
257777 6203
258011 6204
258084 6205
258107 6206
258109 6207
258151 6208
258152 6209
258160 6210
258185 6211
258240 6212
258270 6213
258275 6214
258460 6215
258482 6216
258520 6217
258534 6218
258550 6219
258690 6220
258777 6221
258884 6222
258938 6223
259004 6224
259006 6225
259035 6226
259057 6227
259066 6228
259078 6229
259118 6230
259155 6231
259223 6232
259259 6233
259260 6234
259264 6235
259286 6236
259320 6237
259378 6238
259380 6239
259430 6240
259542 6241
259626 6242
259629 6243
259660 6244
259734 6245
259829 6246
259901 6247
259930 6248
260067 6249
260183 6250
260316 6251
260363 6252
260388 6253
260419 6254
260473 6255
260520 6256
260655 6257
260678 6258
260699 6259
260897 6260
260944 6261
261037 6262
261105 6263
261314 6264
261327 6265
261460 6266
261567 6267
261578 6268
261603 6269
261611 6270
261829 6271
261973 6272
261998 6273
262040 6274
262118 6275
262151 6276
262169 6277
262186 6278
262271 6279
262311 6280
262317 6281
262391 6282
262399 6283
262407 6284
262459 6285
262469 6286
262525 6287
262541 6288
262634 6289
262666 6290
262902 6291
262940 6292
262974 6293
262998 6294
263078 6295
263107 6296
263163 6297
263219 6298
263321 6299
263325 6300
263326 6301
263344 6302
263383 6303
263413 6304
263460 6305
263560 6306
263645 6307
263663 6308
263842 6309
263877 6310
264031 6311
264082 6312
264085 6313
264152 6314
264284 6315
264300 6316
264311 6317
264317 6318
264321 6319
264349 6320
264355 6321
264464 6322
264525 6323
264543 6324
264600 6325
264627 6326
264628 6327
264634 6328
264637 6329
264655 6330
264657 6331
264688 6332
264862 6333
264947 6334
264985 6335
264996 6336
265083 6337
265115 6338
265194 6339
265205 6340
265276 6341
265313 6342
265383 6343
265403 6344
265487 6345
265504 6346
265546 6347
265553 6348
265591 6349
265607 6350
265620 6351
265656 6352
265751 6353
265784 6354
265827 6355
265889 6356
265918 6357
265932 6358
265972 6359
266054 6360
266056 6361
266109 6362
266164 6363
266226 6364
266229 6365
266268 6366
266283 6367
266331 6368
266355 6369
266419 6370
266457 6371
266466 6372
266478 6373
266522 6374
266650 6375
266678 6376
266697 6377
266753 6378
266807 6379
266840 6380
266842 6381
266865 6382
266866 6383
266872 6384
266940 6385
267033 6386
267061 6387
267180 6388
267184 6389
267249 6390
267256 6391
267282 6392
267326 6393
267328 6394
267334 6395
267354 6396
267356 6397
267442 6398
267444 6399
267453 6400
267510 6401
267529 6402
267538 6403
267596 6404
267621 6405
267635 6406
267642 6407
267644 6408
267648 6409
267680 6410
267802 6411
267830 6412
267895 6413
267897 6414
268025 6415
268030 6416
268032 6417
268035 6418
268110 6419
268156 6420
268239 6421
268262 6422
268282 6423
268300 6424
268315 6425
268492 6426
268540 6427
268544 6428
268618 6429
268622 6430
268639 6431
268657 6432
268691 6433
268704 6434
268711 6435
268751 6436
268761 6437
268786 6438
268833 6439
268932 6440
269011 6441
269140 6442
269157 6443
269244 6444
269273 6445
269308 6446
269313 6447
269321 6448
269344 6449
269353 6450
269378 6451
269386 6452
269439 6453
269557 6454
269566 6455
269702 6456
269719 6457
269728 6458
269738 6459
269799 6460
269808 6461
269835 6462
269890 6463
269916 6464
270069 6465
270091 6466
270121 6467
270156 6468
270226 6469
270326 6470
270339 6471
270352 6472
270401 6473
270552 6474
270554 6475
270605 6476
270629 6477
270666 6478
270713 6479
270715 6480
270723 6481
270737 6482
270754 6483
270801 6484
270820 6485
270828 6486
270829 6487
270838 6488
270863 6489
270897 6490
270906 6491
271000 6492
271066 6493
271144 6494
271156 6495
271176 6496
271195 6497
271284 6498
271306 6499
271375 6500
271448 6501
271460 6502
271503 6503
271531 6504
271538 6505
271557 6506
271558 6507
271587 6508
271588 6509
271622 6510
271659 6511
271705 6512
272120 6513
272202 6514
272225 6515
272233 6516
272385 6517
272395 6518
272407 6519
272423 6520
272573 6521
272705 6522
272715 6523
272786 6524
272810 6525
272890 6526
272961 6527
272988 6528
273063 6529
273071 6530
273086 6531
273113 6532
273167 6533
273190 6534
273197 6535
273307 6536
273318 6537
273336 6538
273344 6539
273440 6540
273465 6541
273507 6542
273535 6543
273635 6544
273718 6545
273805 6546
273813 6547
273869 6548
273906 6549
273976 6550
273979 6551
273993 6552
274004 6553
274056 6554
274061 6555
274111 6556
274144 6557
274199 6558
274301 6559
274308 6560
274325 6561
274380 6562
274393 6563
274423 6564
274466 6565
274549 6566
274618 6567
274634 6568
274656 6569
274808 6570
274881 6571
274979 6572
275020 6573
275074 6574
275075 6575
275111 6576
275154 6577
275210 6578
275220 6579
275228 6580
275264 6581
275276 6582
275305 6583
275306 6584
275318 6585
275383 6586
275401 6587
275439 6588
275476 6589
275481 6590
275520 6591
275611 6592
275638 6593
275673 6594
275758 6595
275922 6596
275970 6597
275994 6598
276017 6599
276038 6600
276050 6601
276071 6602
276165 6603
276231 6604
276307 6605
276313 6606
276328 6607
276463 6608
276521 6609
276563 6610
276641 6611
276670 6612
276680 6613
276681 6614
276688 6615
